x,y,z
4.308846652172869,13.510571338630061,1.858687871518237
4.26614197968435,13.627458054946512,1.8257072306867075
4.227859290977178,13.728773603826617,1.795075711686339
4.187635339199202,13.859777257896095,1.7591257962352929
4.148313575121195,13.971963464359044,1.7259053803181441
4.109068611374943,14.083532030871632,1.6926419470414311
4.069428626388274,14.1985199764408,1.6593378980573616
4.030160653729872,14.310708285569522,1.6281331810316289
3.991885107752318,14.417558972772824,1.6012084729758636
3.9553787941461698,14.516756174939806,1.5798171044321014
3.9208317323049204,14.605987747152144,1.5649859762341798
3.8887863138326297,14.682869324692293,1.5570742478275932
3.85938117169658,14.746438925093486,1.5545537975848749
3.8322000815410147,14.79627171392036,1.555722980589655
3.806662054582766,14.832660969310089,1.5577324150794647
3.782410516351034,14.855523651401732,1.5592795554674295
3.7591227475161126,14.864306790252714,1.5596630944523326
3.736712726452585,14.857226522451912,1.5586681238094897
3.7155071190774107,14.830248986064511,1.5559448284622235
3.697361490586397,14.771708464965055,1.5530567078680475
3.687051718806794,14.646156833694912,1.551953100211053
3.6909701062999885,14.430084332707331,1.5582432672525197
3.6613398050872883,14.495625656628619,1.5501435192704873
3.630486171313044,14.55007881274354,1.5426533779099172
3.5980117035310424,14.591284386545231,1.5354064364369169
3.5636215126233175,14.617334436868164,1.5276779863158731
3.5268440430119625,14.62693839625909,1.5184900186782206
3.4875166243693734,14.619068244915368,1.506937803246526
3.4456927938844366,14.59348015979954,1.4932215894541025
3.401155287695051,14.550382833146816,1.4774725004201326
3.354174430131416,14.490690533702752,1.4612056261008508
3.3056736905479864,14.414968733590973,1.4428422876398406
3.2554104888798747,14.32449466389368,1.4272963418745697
3.2042333578400934,14.220658024831092,1.4151684499585615
3.152700804432802,14.10474876719201,1.4074119818014337
3.1013929464491707,13.978337176368447,1.403729170407778
3.0510348996419747,13.842990430143576,1.4048881346423014
3.0017079681051233,13.700412871498711,1.4100923533683059
2.953276223918942,13.552856564610659,1.4208932098550227
2.9064095241392147,13.40301014130814,1.4349224205110716
2.859464597031422,13.252840668353333,1.4525836037983195
2.8127318024420283,13.105806842722872,1.4748316114491153
2.766199544450969,12.964986462509788,1.501101043345856
2.719757394716092,12.832313950944943,1.529204970872832
2.64185243578292,12.812427575779425,1.5389948622374412
2.5602651407904498,12.8169589523912,1.5503756919741782
2.4980884346226637,12.769017034194764,1.58108782384938
2.4389745507539478,12.7196894544659,1.6188163479804345
2.37811571588793,12.680988388983064,1.6572655387761364
2.310521237512466,12.663754470889625,1.6892693173373479
2.236237757939351,12.672395866868296,1.7147241296989906
2.155361191659093,12.7039944835108,1.7307414919512212
2.0710037635499376,12.754996769681169,1.7409947720770482
1.984627331308256,12.823506119183335,1.7454189911487301
1.8980686798481359,12.902705211151883,1.744524925587263
1.8119742247651018,12.995217028487316,1.73732038472078
1.7277194813769694,13.099637755186164,1.7258481501853513
1.6429215706813127,13.214130911388816,1.705104149125349
1.5595386810886294,13.339297325322189,1.680368672748486
1.4764653207632517,13.473213362440008,1.6504827812578657
1.3963344689544264,13.609590346934926,1.6198103133281734
1.320835079137701,13.744515761023521,1.5910714062862885
1.2521159621454725,13.869216490525332,1.5675154630188999
1.1919721297542072,13.980131347824827,1.5518469093279723
1.1423849299256084,14.072981197548168,1.5475950268070209
1.1009441845107317,14.14613788769815,1.549797470424065
1.0685505111937559,14.199909552040426,1.5597172059208448
1.0415991795998014,14.236465383927008,1.5700732376088258
1.0213415108966157,14.255392425440931,1.5815423192181246
1.0068951575211265,14.258795932736964,1.5912838221845247
0.9985044608444338,14.243003799727552,1.5992418474105943
0.9970649615940212,14.203833853940342,1.605685931372503
1.0074046929109004,14.114579362397146,1.6117451711008535
1.041611049880145,13.92331917392499,1.622121675740905
1.0273495671600679,14.003705098093429,1.6107666954868103
1.0148877205085562,14.077062688285329,1.5980220512509842
1.0035596389656174,14.14322794751701,1.5848423545312054
0.9926616438313527,14.20160465171527,1.570639414637462
0.9811964635739896,14.251423114352605,1.5560120894563543
0.9684176572493635,14.291926971573368,1.541755623947549
0.9534309980733178,14.322153262090547,1.5280341963168986
0.9358101888051,14.340809324353218,1.5151019924791935
0.9160591769143975,14.346887053104782,1.503415555017635
0.8945672071680977,14.339786535773477,1.492972714035548
0.8712365697595117,14.31832155502427,1.4837345376577238
0.8466109601484391,14.28250364308469,1.475832161264674
0.8208731932998963,14.232441801809491,1.4693271362555347
0.7942866898760172,14.168584136792848,1.4641705029566916
0.7666346962400046,14.091503658641201,1.4608640890521931
0.7384954475167964,14.002299299171002,1.459618639906874
0.710410097122582,13.90228959091516,1.4606840575401794
0.6829424693440562,13.792772690196337,1.4648273409070054
0.6568659307280629,13.675215437384384,1.4724535925560938
0.6329731968929471,13.55175765374111,1.4847999884635072
0.6120998391808206,13.424411425949927,1.5030832566270327
0.5944822855838181,13.295109803238221,1.5269134510464317
0.5785598163560639,13.164717840228803,1.55273083211938
0.5638274465583386,13.035543805900168,1.5794024712775787
0.5503147519520906,12.910624039736442,1.6078881956006352
0.5375751752417717,12.7920523331868,1.6368758958889247
0.5261680045083197,12.682644333344797,1.6681012844477472
0.5164045610434229,12.583984313108095,1.702412120305648
0.5085839637980536,12.496445838025107,1.7400266010645193
0.5026271441482071,12.419313681717775,1.7811665159008747
0.4969161283653367,12.350455932197997,1.8219728766976289
0.4905255976650742,12.288664006062174,1.8611267507913514
0.4837113451842434,12.234705273030919,1.8999822450950532
0.4758495936530882,12.188670015019168,1.9370205642395781
0.46675873281220603,12.15124125055861,1.9718248500705986
0.45661727542465025,12.122417103712149,2.0032831875250823
0.4455163026523281,12.102635937438464,2.0310505948498996
0.43359199610783294,12.091941010469059,2.0541404005489
0.42040973407441484,12.090231825402494,2.071421130358728
0.4061147695538936,12.09715257224063,2.0820300410401513
0.39040281967440693,12.11321655407065,2.0857166370414033
0.27646813030684303,12.383892290880706,1.997533589995446
0.19203908504073164,12.608648093321301,1.9299094066279565
0.13414460750341917,12.781926952880006,1.8795682229065882
0.08840463268672893,12.936063191164273,1.8352132787456927
0.05067127271015348,13.081146165598108,1.794438414604235
0.01898549329700394,13.221184956644526,1.7554649570524044
-0.0077038528249215865,13.359169570794815,1.7185284302905242
-0.03015178973745103,13.496840987154867,1.6835322160444814
-0.04831521432902974,13.633834040071838,1.6511912823533992
-0.06198710647453476,13.769108140247873,1.6221229762651825
-0.07099374852549944,13.899934173670566,1.5971153545739298
-0.0756053643582093,14.023590194230971,1.5768336732446633
-0.07587614663224862,14.13763710595057,1.561980048555129
-0.07208179606638598,14.2393852696958,1.5514637594979392
-0.06470405657635991,14.327692807860315,1.5459161731110385
-0.05469093157136928,14.401269266894074,1.544402157589321
-0.04271413745675545,14.458921317591432,1.5464172412527457
-0.02952078028380889,14.499543663355778,1.5517299579237642
-0.015710425900215874,14.521511962820618,1.5600843902703527
-0.0015386814133560023,14.52199349223038,1.57128165803186
0.014360999847447209,14.497298431473425,1.585505462645334
0.034565601807985624,14.442528427761733,1.6017191746833612
0.06461020244495663,14.349003024853257,1.621619530709931
0.11665461238084762,14.183381889737035,1.6484126731744624
0.18954494508783748,13.979647605115266,1.6809594017488871
0.19791985744283824,14.010155213695477,1.6774054077607552
0.20645106599694185,14.0243399506249,1.6731348908226629
0.21671799012954285,14.021408841905942,1.6697904150892766
0.22964032205990148,14.001901650260091,1.6685282263418566
0.24591881162579976,13.966855812612595,1.6705953161776526
0.2664898168522891,13.91754808447676,1.6770821949812813
0.29048495220420434,13.855128883600269,1.6875621854926148
0.3173326923001112,13.781108027031593,1.7014009733096742
0.34716300259890676,13.696970022881235,1.717960395476024
0.3789536812444596,13.605198857943238,1.735851775778988
0.41313934869455937,13.508004723429917,1.756168722270588
0.4497957407285913,13.40819317374247,1.780007263702183
0.48942715498121214,13.307785588622382,1.8095409038892445
0.5323405647227744,13.207874045385486,1.8462499336147733
0.5784376628137071,13.108793597774552,1.8889091730199947
0.6269507093841831,13.010885528741037,1.9362129965363293
0.6778502235929941,12.914411467882129,1.9865796764495451
0.7299389704569023,12.820151890932108,2.0379371933563455
0.7834219677585765,12.729013089176352,2.0895676595015935
0.8382285795957973,12.641524679455317,2.1413845623046086
0.8946004512305907,12.55820723728963,2.1931988935601296
0.9522041568953102,12.479231312982463,2.2447961020727814
1.0112769951511686,12.405360732171735,2.296069504106092
1.0716071680700012,12.337077836571737,2.3476723354373625
1.1334841319035205,12.275347597717463,2.3994732234867753
1.1969943868716184,12.22065439214403,2.4504284903104523
1.262557585163884,12.17379593628203,2.4997054973238955
1.3303706744901895,12.135525688503765,2.546053170893047
1.4002460931730634,12.106688449745123,2.588090122560331
1.4724422849318606,12.088538813946593,2.624470046381979
1.5467981069792838,12.082142455533235,2.653841259694274
1.5651153506655233,12.33621409287527,2.5501913181532334
1.5768106495264054,12.687121558405824,2.4171657359165026
1.625896984184684,12.919598885191553,2.3472114871365948
1.6892340045035523,13.114853458334625,2.29752201890092
1.7604202522752348,13.290288594907734,2.2585969004162667
1.836030245285895,13.454509524296911,2.2259432711818086
1.913894733354168,13.612520056201875,2.1973512715656423
1.9926837729828817,13.768233314052134,2.1712722591458347
2.0717824139616097,13.923236009332355,2.1475786616730854
2.150870708100922,14.078666187106277,2.126478929809352
2.2292859310426922,14.234392520097863,2.109390617112677
2.3074216072932883,14.389448990041323,2.0961997189948214
2.3853181978824054,14.541848687328484,2.087388737273855
2.462768333355053,14.690955929359543,2.082803797534753
2.5394179532092203,14.834631411997309,2.0850202946007004
2.615042810930105,14.970786950225758,2.0911528224795486
2.6894195205373945,15.097326747038498,2.102758449436088
2.762642964214825,15.213901659456722,2.1181799191028814
2.834872483268496,15.318608626721945,2.1372066829409864
2.9066853919844635,15.410862495714852,2.1590358574435076
2.9786731809508185,15.488840192150176,2.1833273193966933
3.0508895357578902,15.552845505758945,2.208267631954116
3.123124196476409,15.605730828057945,2.2343475371922663
3.1950221680227555,15.649331289874501,2.258587696543759
3.266276490978342,15.68362463107416,2.28080125557471
3.3364473798449126,15.709318735613488,2.301722217873346
3.405575091959205,15.723095507160117,2.3217057424503693
3.4744018877926495,15.720187888118815,2.3414927584929393
3.544287910080379,15.696660738456387,2.3607785677821997
3.6168402079050552,15.645978873921786,2.380135083515224
3.6963841050203827,15.554105787037214,2.3988490952475647
3.7926160785979928,15.381750064010989,2.420574573941349
3.832347380491906,15.41560984172674,2.4266680227609374
3.8721667044038814,15.43260039326638,2.429156354469878
3.9119661819830336,15.431063921015998,2.429021313493469
3.951286683811486,15.411103768156512,2.426188293995339
3.9899602286641747,15.372896153740244,2.42181298540911
4.027822718000645,15.31807851363379,2.4167366083816066
4.065415486617839,15.24832095581343,2.4109381541284547
4.102736130644856,15.165455775198069,2.404799744465663
4.10270237445962,15.225384372577137,2.3810485495505826
4.11874470870303,15.220161381499954,2.3614771138754707
4.142569549873814,15.18117751029643,2.3430657083252875
4.1709211654097595,15.120333795408287,2.324802840700788
4.202843308647221,15.039929102394206,2.307754514959747
4.238253714947898,14.940208936807123,2.2940381256350717
4.277142645364245,14.8186667323217,2.285384176027085
4.319415248478668,14.67346180123494,2.2855446243696953
4.364576804808503,14.50263427623302,2.2979949349990267
4.412818373685935,14.304112779337459,2.325918590132285
4.465160028592249,14.072585635750322,2.3728566409447946
4.525961960437954,13.782267054092944,2.4488223269087683
4.591254696280863,13.450618077726437,2.5546802352063116
4.624977142002658,13.3204366065629,2.5994771990742054
4.659895958671526,13.19450532543575,2.644781916517143
4.696112163755225,13.073329617328499,2.690570558269795
4.733583212109392,12.956950904075617,2.736183665952292
4.7721758644633745,12.845488526534316,2.781331108848504
4.8114505597062305,12.739471202765351,2.8260695638624425
4.851962061857491,12.639380373425027,2.8684579491161646
4.893301894617013,12.546533986282242,2.907605377906595
4.897315612632652,12.855237858676702,2.755259098193254
4.925952872162841,12.975564706356188,2.6965071809251597
4.961974344273296,13.071777040751853,2.6501915186932186
5.00346912044612,13.157996071598362,2.6098502743937466
5.049356318793864,13.23857849919671,2.5733359914995075
5.098731901008125,13.316057864023659,2.5392905406189596
5.151133360504396,13.392281653859325,2.5059331866816477
5.205767229030977,13.468544609719542,2.4719820694237384
5.2619240134572935,13.545521245954655,2.436654907788532
5.3191462645905965,13.623265664669526,2.4001538308317354
5.376515517544288,13.701597481608587,2.3627854109220543
5.4339426300594456,13.78007422888324,2.3252091567769
5.4907531231911975,13.859303948988671,2.2879933320372254
5.546219637737792,13.939712675980747,2.2506001885595275
5.600081509143051,14.022274654399737,2.2132479799486866
5.651899583924117,14.107522886477467,2.1756681995976157
5.701329542476709,14.194543767987119,2.1376818256335763
5.747840556500991,14.282517447624958,2.1013772125011156
5.791107101453201,14.369617140433986,2.0685533895525774
5.831094368949056,14.453217234371737,2.040296343004183
5.867359004939704,14.531518566170318,2.016594976224801
5.899930393810569,14.602496791823299,1.997076865187779
5.929261431719659,14.664433472820544,1.9813436702533602
5.955116426925758,14.716559167046178,1.9684714449203762
5.977990999598412,14.758408310896026,1.9566211341939503
5.997772816498575,14.790047882064915,1.9449875818627245
6.014687509925168,14.81233145415654,1.9323660684859822
6.028595668982768,14.824966646254346,1.9183147860369925
6.039485322529544,14.827331097482613,1.9025823943849876
6.047310091439087,14.818947906449262,1.8853721253585558
6.052126741510125,14.798146813233473,1.8677439368627384
6.054107986572463,14.76418595570748,1.8501653691105053
6.0534778212126215,14.716721629941224,1.8326004693119007
6.050496551731221,14.656339873860887,1.8152150244982295
6.045620362543554,14.584392311225788,1.7982667637447562
6.0385882317957105,14.503001195033335,1.781707426171332
6.029535651257029,14.415436692784231,1.765637985477154
6.018276759738573,14.326632193278147,1.7490796370701824
6.004363044073713,14.241169728240592,1.731099443590387
5.986935670073431,14.162749343211289,1.71027100719916
5.965716382583137,14.091825647413973,1.6864696297337165
5.9402943505065,14.024533036528151,1.6607416187885695
5.911620708166959,13.952206709157167,1.6360948021387047
5.881491031745241,13.866888196920883,1.6153253232607554
5.851992959622468,13.761892655858489,1.6021081910097026
5.824934094522474,13.633447374785009,1.6003114221452304
5.800826825782842,13.479235519934997,1.6111297451042699
5.779114229587448,13.300035053373366,1.6360044015854989
5.759352841152413,13.09842670518677,1.6755849284187931
5.7416703702212795,12.875871192222428,1.731392824416388
5.73050951091986,12.60778295401141,1.8141720519661684
5.705154058963996,12.429973379145544,1.87224111192835
5.673179145741238,12.300090539766822,1.9166627224359685
5.6345936085489425,12.222541241079366,1.9433630067032173
5.583057163202568,12.24049280916903,1.9330482143193901
5.538171757914058,12.232918224333645,1.937858088015819
5.494967868095553,12.22986009208246,1.9433808534562313
5.453002686627038,12.233534424666225,1.9482948095215455
5.411108765620606,12.246135113698324,1.9499313516141097
5.369127469707808,12.26799064163538,1.9464207648796146
5.326182865504938,12.301076959766881,1.9362954215969816
5.282469891154653,12.345418275373802,1.91920594354945
5.238538834986011,12.401776659167108,1.8951990380767807
5.195163193867985,12.470731121194582,1.8660726128862368
5.15309836425457,12.551441146790776,1.8314316010508032
5.112989463479862,12.642861405403,1.7929832445669076
5.074889284561898,12.744036015879775,1.751296528022265
5.038847881372699,12.852624415857386,1.7071808782101456
5.004263248132703,12.967341157341133,1.6613646385330059
4.970507842190116,13.087559058476533,1.6141397059767426
4.937449540275047,13.212783148712363,1.5671426050337356
4.904607122518198,13.343138105701,1.5207601874037993
4.871604912021676,13.479057434213624,1.4756042686146884
4.837973962226378,13.620355573399715,1.4323095941777062
4.803564914382562,13.766854776311527,1.3911334765022545
4.768300401413837,13.916710858603096,1.3529296093645353
4.732797475883447,14.06691705546137,1.3190751738651638
4.697424047559234,14.213980828883125,1.291167660234592
4.663448041942892,14.353952279174678,1.2716924878249243
4.631284480785002,14.483874846498571,1.2609685275084868
4.601700371364791,14.601065109142487,1.2585519881165341
4.574054806708592,14.705083296914625,1.2622292076631503
4.548028193473286,14.796130000978325,1.2696852296418797
4.522902559665206,14.87465556951656,1.2782133263464592
4.497934459870347,14.941335929157297,1.2874928828446164
4.472666457055089,14.996526941757153,1.2962176327149786
4.446820041298974,15.039548692651708,1.3048660192390065
4.42014675986003,15.070839357691783,1.3127042060414489
4.393209569570542,15.089572726015572,1.3194818949039222
4.365853160701827,15.09603043330278,1.3246198752023899
4.338750743541983,15.089341654501567,1.3275285882765164
4.3119298881087555,15.068528121015904,1.3276790061626258
4.286612764958136,15.030225641211088,1.3258855304942854
4.264115660233966,14.967724189054437,1.3228715524390386
4.249416069514526,14.854241952167678,1.3193176642891515
4.242976272553194,14.703141867513185,1.3178208253925963
4.2033371323316295,14.732709293998758,1.3112145180481738
4.160768936414394,14.747134235578796,1.3044296352792468
4.115044421933409,14.74563963720454,1.2969177582153453
4.066119288726165,14.728412757551853,1.2896595404740676
4.015129663138012,14.694734729787216,1.2832912232501767
3.962520270958644,14.645268827777478,1.2787233852365025
3.9092984514543003,14.580133117017196,1.2754785430910358
3.855840341903289,14.500738397261413,1.2743553462274422
3.802686241925903,14.408711797293483,1.2749521889590127
3.7498911387860514,14.306325474866242,1.2776412850127619
3.69737735992094,14.195052291486245,1.2823999023173327
3.6447666804605614,14.077159501820738,1.2898911812286
3.592128232667106,13.95341441568082,1.3022774704718634
3.53975563791204,13.824496163861022,1.3201949533854025
3.4871450331698393,13.691489963581105,1.344093606184197
3.4337543613647696,13.554423118231496,1.37322482195549
3.3795681777465054,13.415078540630363,1.4079844062101872
3.3242420642801305,13.27614707129978,1.4485675513062528
3.268004184283702,13.140772172674914,1.4959912238491695
3.210241373291467,13.011813902211655,1.5469857150482458
3.1512740138356374,12.89189131192901,1.6031400259202693
3.0906219258289553,12.781928884133112,1.6615174667143782
3.0284176156203975,12.6844168752804,1.7218940976279304
2.963291655552384,12.598557452586952,1.78127503464522
2.8951167030460097,12.525017013626032,1.838951910774906
2.823695759029495,12.464289938011088,1.8939430342239483
2.7492337651151386,12.41665719001977,1.9466542991251563
2.6709833827625578,12.381253731958234,1.99389184570001
2.5893797140338464,12.357810119582378,2.035873273063358
2.5042507273479897,12.345308596557969,2.0709031208942967
2.415838419704753,12.344299602608762,2.0993237563373484
2.324275176110417,12.355066636592465,2.1202778660403983
2.2299668066734197,12.377223984818801,2.133286869794431
2.133824365233167,12.41107155734867,2.13873694041693
2.0368164601167797,12.456567596983488,2.1369000676694903
1.940238462568224,12.513379141371328,2.128783438881946
1.8448723349640241,12.581151121108629,2.11529097123159
1.6968729466897008,12.843068836023285,2.044561849972875
1.5666614045667266,13.075075441290917,1.9893248298791146
1.4551315525881363,13.261642634659442,1.9489562675835286
1.350985051971215,13.436326636001759,1.9127578718349243
1.250698229183723,13.608985410598937,1.8781779575875452
1.1530962762504955,13.782293554466323,1.8444640848279006
1.0585915486043675,13.954323719579875,1.8125954493013445
0.968449829812378,14.122148696086102,1.7843059321341812
0.8845796286046879,14.280615363901788,1.7616585314538806
0.8084290501820588,14.423787593767226,1.7449150011918109
0.7406779821789091,14.548891635205482,1.7350450577430347
0.6818266810734417,14.654759541763532,1.7324130775795394
0.631139652007271,14.739005608766707,1.7346387847959264
0.5874796472092259,14.801827884003467,1.739682594487368
0.5505597163884755,14.843569268327334,1.7475718922102228
0.5194986884788619,14.863517339202541,1.7564005738082429
0.49474348833722637,14.859629535946729,1.7657974080089147
0.47707494589680444,14.826082499716007,1.7736544321873637
0.4706374065564618,14.74662034550504,1.7782225368966342
0.5121820945765556,14.49795374687746,1.7790162794936748
0.48848356522032166,14.501222485183458,1.7819459896483556
0.44947505669183085,14.553284470568428,1.7815885249927295
0.41078990768340784,14.596855252089716,1.7784789426088778
0.3714028309756645,14.631592350242963,1.7727289995678053
0.3309244514519336,14.65643437484991,1.764361999647722
0.2890580662595341,14.670527591028671,1.754289802125431
0.2454985559509235,14.672661317090036,1.7432717157451743
0.2007533883749022,14.662108046019783,1.7320260207836409
0.1548898545166404,14.638004472411122,1.7208502916006152
0.10869819361504263,14.600175930225468,1.710234659512241
0.062132821459692344,14.548239094956223,1.7007971962218251
0.016058978289271053,14.48235118037418,1.6931594213819405
-0.02865662877359032,14.40292869784389,1.6882954335009535
-0.0711836994103896,14.310527829694605,1.6871259678390587
-0.11081253191249862,14.205667322358751,1.689978862170582
-0.14733719114840316,14.089508014791067,1.696691870906915
-0.18059551408477637,13.963301079712815,1.7051685202040048
-0.21007399555862483,13.828915715106662,1.715323735919382
-0.23552043180524285,13.68850818106822,1.7276434954975421
-0.25618721436205316,13.544262324920776,1.7433446942172326
-0.27150078171408376,13.398632311998725,1.7636460650384036
-0.28061826524693334,13.254771057366414,1.7899767734297498
-0.28444310588267685,13.114161542099458,1.8209562336903549
-0.2824546389694471,12.979553654304478,1.8590730980715877
-0.27674384635458305,12.851796113971442,1.90038475509418
-0.26819592150108873,12.731791169445025,1.945001362973385
-0.25751417773234087,12.620127194631593,1.9908902485639297
-0.24597938899300198,12.516846259717294,2.0364538350845844
-0.23405278607448432,12.42174518704564,2.080847680232316
-0.221903163338669,12.335517961660798,2.1230063768703538
-0.2107089987912829,12.257031412012383,2.160265164528946
-0.19972053483357755,12.1871481807671,2.1944434906131196
-0.18883623665543814,12.125895972785614,2.2256009453162457
-0.17800922300027366,12.073145413005566,2.2540748088517297
-0.1663091971076076,12.028596862239203,2.2801480299916275
-0.1539159888417827,11.991789246489954,2.3025767769157053
-0.1405925601039355,11.962859586711506,2.3220735227167006
-0.1265284755603615,11.941779435641068,2.337639798427529
-0.11216890044432493,11.928965358455077,2.3482243831847214
-0.09770632674899105,11.924780658904002,2.3528763848315615
-0.08330560256059183,11.930325434108266,2.3516029021385094
-0.06900611349670438,11.945922898026891,2.3440093439320133
-0.05480153547181876,11.97159956209999,2.329862365190462
-0.11356620764533343,12.166027967153601,2.24009027964515
-0.21510243756468617,12.49406357213688,2.1034228539998354
-0.25346396858317455,12.705677099848351,2.0184400316391837
-0.2705070317935423,12.885042460477594,1.9473183459807242
-0.2749504095121773,13.048156453952132,1.8831780724213427
-0.27041769324633447,13.20184968392306,1.8233124859221777
-0.2585160669986488,13.348578746004453,1.7665574017313634
-0.24024649390628583,13.488685905713858,1.7133682443151796
-0.21603172597931364,13.621823690593256,1.6648450219147923
-0.18670615013287395,13.747290463804564,1.6216845324226323
-0.1527029276113534,13.864337277894178,1.5847182001196103
-0.11468584369381807,13.972697878685361,1.5537128183580728
-0.0731378504407616,14.072223205536684,1.5286152109187379
-0.028330593310788688,14.163162628834334,1.5082827374244765
0.020249204065428517,14.243710082427802,1.4925168434455065
0.07239733062560516,14.312825306020386,1.4806939635422474
0.1285397803973598,14.367574551084411,1.4733352852529809
0.18799580293029905,14.406000468779316,1.4707031146151044
0.25093569622200196,14.424476734096293,1.4728892758431833
0.31888142753876203,14.418889597508645,1.479334409898855
0.39616275760732134,14.37774643787272,1.491047617667367
0.5066053283681184,14.239327060934174,1.5163993386861137
0.5852425602187618,14.203436908934684,1.5286233489570282
0.6187500062534143,14.281270428302488,1.5220991360154539
0.6502482037424842,14.347430964006367,1.5163396075618598
0.6797908733614569,14.400461740599116,1.5122231974530216
0.7078400737799505,14.439143507859841,1.5099338094725816
0.7346513484894218,14.46285130121122,1.5095834731725155
0.7606361759978391,14.471223007300726,1.5110444473397155
0.7859817325859313,14.464371181998683,1.5141572348267536
0.8108163861282207,14.442958275086777,1.5187318446938862
0.8354102853690888,14.407566012258206,1.5246615316811836
0.8599642515615913,14.359762733495776,1.531362555134952
0.8852037075141957,14.299653632394133,1.5393240574146123
0.911490512085227,14.228997196272672,1.548492011481998
0.9395388857645035,14.148402763543924,1.5589477047499498
0.9701127677424649,14.058515189350324,1.5720589224437118
1.00361837872778,13.960689869196665,1.5890434024641484
1.0406542117236692,13.856624724929251,1.611521449652681
1.0816597926475562,13.748469766649418,1.6412039201423143
1.1261820470163793,13.638993976543155,1.6785579924673746
1.1748603802358295,13.529850330333545,1.7230977347496026
1.227562607277096,13.422357632028724,1.7730946598544142
1.2846634711946316,13.316737782882397,1.8265670989506733
1.3454487510625257,13.21346135893306,1.881013278848858
1.410032273044302,13.112876444160506,1.9357553727565469
1.4773770945061016,13.01558776829948,1.98988670189257
1.5472990641151878,12.923039640726373,2.0429490745719194
1.6191859368686963,12.836151454598237,2.0953242188815864
1.6930860465510023,12.755678539403933,2.1467325894803437
1.7688364939104326,12.682760044457723,2.1970261816760974
1.8474877037114985,12.616687677169276,2.2458753447637205
1.9282346120489016,12.55830534776552,2.2919329830282322
2.0114283371436574,12.508024676417254,2.3351289158842627
2.096971303261755,12.466215218904994,2.3747308674279157
2.184844946329626,12.433631581722535,2.409583532084998
2.2747799642931947,12.410858110191494,2.43877410816153
2.285581883761,12.705685369561198,2.307980495785632
2.339899176464005,12.870295024498267,2.2483044591633323
2.4092118688158526,12.997612563872089,2.20744107416101
2.4860063474585847,13.110153110468742,2.1732839611543
2.567121503179127,13.216047680340534,2.1414984711418565
2.650529786334915,13.319417892851028,2.1099568070892447
2.735186254940884,13.423233092802995,2.0776855838679102
2.819943171879286,13.528506984937096,2.0453515168692
2.904456406181848,13.634738729355032,2.01402617345538
2.98798475035655,13.741760902849009,1.9852016474995056
3.0702050644390457,13.84951038487802,1.960095962012339
3.1507331596566104,13.957225224740965,1.938220887782074
3.2293613173946145,14.065065512085289,1.919691595330364
3.305821467347335,14.173297476939993,1.904252029150733
3.379666291881339,14.281424589700089,1.8922668686819035
3.4508634638904723,14.387601619052827,1.8839723151042316
3.519741829839039,14.489138504579538,1.8791777268545848
3.5863738396230915,14.583618384154974,1.8779586519411593
3.650929160297771,14.669738098038822,1.8800201578002174
3.7138679362021065,14.751482515735887,1.8823945724738707
3.7753342700570216,14.83100337723762,1.8832417219052369
3.8350853928631436,14.908010239117619,1.8815608404971877
3.892312807037547,14.98056581654107,1.8782595484998073
3.9468604639825564,15.043579300791412,1.8746198600245894
3.9983592771924665,15.09192695127374,1.8722547774269893
4.047627669556144,15.123048366955466,1.8722121087217527
4.094277560497316,15.135434029165468,1.8747998191399642
4.138224276481449,15.132908109852098,1.878751971590149
4.179645974266032,15.118520326719066,1.8819905356841238
4.218300559304181,15.092830664039226,1.8841480182865151
4.254426301391854,15.055799572684363,1.8853538226720366
4.2884694647122075,15.006301712759774,1.8851886863168374
4.3205673690412905,14.943989539091532,1.884265818656794
4.351539685894308,14.866479827100585,1.8832406345706607
4.382918662040618,14.768327922293626,1.8824758304248421
4.427958947880509,14.600294409070697,1.8922899781444436
4.433295863487391,14.553488681141584,1.8797387039545903
4.43262350464279,14.512054780246245,1.8633887666870041
4.430997759359208,14.458557734762948,1.8477608408369823
4.428620815515201,14.393529512984717,1.832666796061618
4.416125980765294,14.351307377791596,1.812016525693167
4.394171631648106,14.330980497283933,1.786277196261918
4.387169748798478,14.24791113249966,1.7741847482937692
4.3923854460945115,14.113992188116672,1.775097787404352
4.413201334495984,13.917461176597698,1.795290401755401
4.411523902456718,13.79801487811823,1.7992402326927701
4.411153733675722,13.67207504818907,1.8081516734363197
4.4127003440999655,13.5400470837178,1.8212607490209054
4.416110292129832,13.40292944943275,1.839936089225989
4.421421179643818,13.262334710557706,1.8659104886713305
4.428738954489435,13.12065393516525,1.8998597269633812
4.4378548469823365,12.980323866335306,1.9418311150897836
4.4490990409104105,12.843619177064166,1.9904667722139084
4.462891403754854,12.712774770752375,2.0434346884916605
4.479195689468993,12.589337117556557,2.09868299921264
4.497992557830085,12.474148921894306,2.1527502215792005
4.5190492095029375,12.368231638242147,2.2045217169458757
4.541947980781771,12.27267241561857,2.254082413276901
4.504910090691595,12.45549910080343,2.170203505696475
4.491453543622535,12.560900616594457,2.126944530776175
4.4913130541517905,12.633067786287452,2.0990935276054783
4.499383515406376,12.693829619563207,2.075142254262465
4.514083930983385,12.749223458255624,2.051432609790057
4.534698603250422,12.801605990538974,2.0272609257694896
4.560265734082705,12.852225095916062,2.0032596939943987
4.5898894884024966,12.901880557903734,1.9794070722786596
4.622784943021478,12.951169720134187,1.955294464962594
4.65734521968372,13.002475157069489,1.9300403509299695
4.692219840388051,13.059312911279003,1.9013692364934522
4.725834770418834,13.124912000686882,1.8684073688982865
4.756502014218204,13.203929005384492,1.830283861543947
4.782656012518299,13.297791771022963,1.7870896156739642
4.803671378526487,13.406146951919522,1.7407899346422067
4.819651780912133,13.526681402273365,1.6939775298336803
4.832242108969739,13.653984354272396,1.6498086502871407
4.842565368730695,13.783045043381428,1.6113227006509447
4.852384275783385,13.9097660794165,1.5801828063310692
4.862151447481425,14.030074699114548,1.5570483827834236
4.872036119081868,14.143338204243099,1.5418064515702303
4.881311183297134,14.252563816978439,1.5312573917566121
4.889289727688112,14.359685325813578,1.5230128600962134
4.894773222468429,14.467470651024817,1.5157313502221985
4.8965418379887975,14.580580339543982,1.5066522552907395
4.893553500960882,14.694753767536719,1.4968064321883947
4.885633329421655,14.804373472625077,1.4877271618931136
4.873537473817446,14.90336447019998,1.4804686490549823
4.8593750014248185,14.984915637292758,1.4776099720791072
4.844490450942087,15.046998786764203,1.4778244247596772
4.829937822594981,15.089221176284486,1.480218242430924
4.81564893111613,15.111158481941194,1.4848209998332882
4.800973927198352,15.116480727324708,1.4892203513720128
4.785338632898616,15.105776425542388,1.4928062822599957
4.768163046423272,15.078943993363431,1.4951466052092313
4.749105516787889,15.036654056474234,1.4947004117543798
4.728116337954564,14.979345523302221,1.492511870690457
4.704640579493308,14.907977786186498,1.4882004016275845
4.678736135010358,14.822841447862544,1.4826915879705922
4.650618398555181,14.722500947000135,1.47749402404638
4.6224249242698905,14.601051522870911,1.4740950142395146
4.589444948697609,14.47659395700698,1.472781007675981
4.513993682522665,14.469711671158496,1.4616610556807208
4.411039304819477,14.526872350246935,1.4440362295703322
4.312621453729935,14.54723428380403,1.4291982117219737
4.216208705767185,14.544614859642683,1.4157867219756
4.123616595019418,14.520093798589636,1.4050754612745227
4.036050090614129,14.473847545249958,1.397094711295349
3.954322152361291,14.407657539828639,1.3919560065113368
3.878746119806001,14.324754706655897,1.3899261052963219
3.8090282921796934,14.228410740752002,1.390315621777411
3.74585630453183,14.119553647315275,1.3940879577375735
3.6901341278344355,13.996553932409899,1.4040071217759866
3.641544089816861,13.862051732575729,1.4240579383518295
3.599443592053329,13.721530994082952,1.4565772562523849
3.56277949666371,13.581886752837267,1.499393031424451
3.5296210088372324,13.45315855301309,1.5490680584603238
3.498990644713526,13.34203251831222,1.602209658261481
3.470131262471809,13.253909558673666,1.655182625063782
3.4418380938463784,13.189752258029104,1.7054305600612976
3.4132732622303195,13.14442468298294,1.7497477204118583
3.3826903041104774,13.116046581172801,1.7867624789188685
3.34836424749541,13.10507463193947,1.815230126231512
3.3089261243817374,13.11088042639385,1.8337553827510646
3.2636004926593216,13.134322370409237,1.8427445122697126
3.212153351612833,13.175130449202642,1.8438653190056238
3.155330425223011,13.232880905320789,1.8390720855535054
3.094615034744711,13.306451786954742,1.830023388103795
3.0315391074153,13.394250372904073,1.8172075518846764
2.9673293527589335,13.494368814916534,1.8008063902177618
2.9026315367289452,13.606137378385565,1.7811378219827576
2.837600119522547,13.728508178657128,1.7586652139710495
2.771922903493922,13.8609848264684,1.734730114394731
2.705984726157752,14.001807666430427,1.7120195392649524
2.6401113275704513,14.147548111971608,1.692437442072917
2.57543064611771,14.293971439929713,1.6780652878366702
2.5133123483923434,14.436939272892616,1.670721479283098
2.4549807496559275,14.57282805186297,1.6707816390076466
2.4008424959609616,14.700011278040725,1.6773721637362788
2.3507319119670957,14.817221424594765,1.6896827877832559
2.3034368219985017,14.925081950258726,1.7053349832630236
2.258069296111175,15.02339847850905,1.7233107084393282
2.2135905198648227,15.112521216391753,1.7425997704794902
2.1696474142770805,15.192347326938396,1.761928422315039
2.126149400912363,15.261801499069058,1.7811052059074752
2.0834348852930065,15.319271178511261,1.8002398877507106
2.0422918056081714,15.362822704489995,1.8186061469131003
2.002992171303843,15.389769782438654,1.8367825139674663
1.9662786414392568,15.397391832230161,1.8535129627368825
1.9329081102035732,15.383321348868055,1.8679400910855248
1.9045379733731704,15.344334268239685,1.8789235347152848
1.8827516516363292,15.27616078001125,1.8846341005028648
1.8733053971473308,15.165439055733902,1.88327052670558
1.9108101774167707,14.921873336465517,1.8695128679211956
1.8570631931461263,14.929315837236587,1.8728813947558454
1.8020928870466664,14.919112531522732,1.873581003332843
1.7466418880347767,14.8913977263752,1.8729969951978598
1.6908319577960311,14.84652409294559,1.8719706166821428
1.6355010324964727,14.785533546718323,1.8712021901654001
1.5806120052328696,14.709418032675606,1.8709722891811973
1.526356562533795,14.619262399760716,1.8709323438134513
1.4727847462217794,14.516364854694922,1.8711853794856967
1.4201665299183355,14.401496740436965,1.872189701579762
1.3682809355386132,14.275952461770808,1.8740836051054188
1.3176842938448439,14.140974224797738,1.8776707521230698
1.26829477143783,13.998364482244009,1.8841634188934355
1.2197250961740043,13.849682086684277,1.8936147956379275
1.172230611439236,13.697545850010426,1.9079482407964008
1.125366116863813,13.543975711943965,1.927876458953424
1.007687516823888,13.521922148166064,1.9455955002397518
0.9421580558292932,13.409262762484811,1.975546197337004
0.9062862461653256,13.250549378591218,2.0168978966776194
0.934859106661635,12.986373387632415,2.078817992311026
0.8996810725985509,12.84987595868228,2.1367358879197047
0.8539700178123253,12.741132181613345,2.1954937532043752
0.8063777144528612,12.645322754846916,2.2553030342043154
0.7565103220528444,12.562439998849387,2.3149657438956313
0.703156405336653,12.491722623455047,2.3722026686710667
0.6473478435990594,12.434124025002568,2.427897333158387
0.5892999460513026,12.389581923741318,2.4810390049790163
0.5290036261973903,12.357897476511745,2.5309063921312758
0.4669730564617045,12.339737753925538,2.576862593429566
0.40322944168004327,12.335521938481275,2.6179554607526008
0.3374142751084861,12.344742741603831,2.652120182287211
0.2693385697266817,12.366724378233044,2.6779931467261697
0.19870738654074938,12.399843092637553,2.6940576987443796
0.1258150447717803,12.443250669602577,2.7002269028364143
0.050956138121241334,12.49577415149244,2.6965399829191563
-0.02556569851574464,12.556619685411679,2.684346343602198
-0.10265468464331429,12.626003570743233,2.6655153699214518
-0.17972876372132252,12.703621924954465,2.6417038168261913
-0.2560150917835067,12.788872329762297,2.614304512236574
-0.3313506183899153,12.881020507636688,2.5847203206071248
-0.4053269571657361,12.979032955413745,2.5527734915621023
-0.5824529228325002,13.322295424452328,2.485488989230789
-0.7107817297422048,13.571051353715806,2.4414343836927586
-0.8191389797543289,13.783083574985826,2.4070384841840404
-0.9153607673930866,13.975017699651229,2.379173505064556
-1.0007356660174498,14.149368680703056,2.3574211148495836
-1.075613501478089,14.306528953449934,2.3414610092037504
-1.1398581969116868,14.444975668959431,2.3307405115350557
-1.194160178740764,14.564414308371749,2.323180670421908
-1.2382001436179388,14.664575060920768,2.318628644925721
-1.2720052860073285,14.744272692449329,2.314915096710129
-1.2954413491132235,14.801995979645113,2.311392999593372
-1.3080179744038736,14.836473372697462,2.3081247564553076
-1.3099273839961163,14.84446908249285,2.3034421259808546
-1.2992844408185724,14.82075590052347,2.2957622296474076
-1.268954895333358,14.746975740398295,2.2817592595145166
-1.1876589240247468,14.55545058644071,2.2543075966922164
-1.211397257370312,14.618416591040337,2.2481705839989363
-1.2338864201700162,14.671828224167344,2.2392973443463884
-1.2555186781082646,14.714538818697354,2.227785430494566
-1.275927662475754,14.746229009116993,2.2156653933594006
-1.2956127049706154,14.76603108897604,2.203661839949568
-1.314178828455888,14.773369670649638,2.1923626592155623
-1.3318594672604882,14.767592598384121,2.181805765217714
-1.3483704779408563,14.748279968217107,2.1719555102895223
-1.3635278788476124,14.715119381199933,2.1623966526401937
-1.3772990528831508,14.667853144850215,2.1527232424608975
-1.3896778833093864,14.60647285065571,2.142561000367186
-1.4004918495611283,14.531602032134213,2.1320513522457727
-1.4094506371190239,14.443770270446658,2.1216743723069786
-1.4160906507827613,14.344003825487167,2.1121260220647065
-1.4201372559319247,14.233376360626421,2.103751065695972
-1.42196787661629,14.112502615644635,2.09511011214458
-1.4208591080258506,13.982663215739892,2.086878693526078
-1.415949906045249,13.845259517592483,2.0793711532821284
-1.406631175059604,13.702033903269063,2.0736623226591364
-1.3917874960711616,13.555619054093341,2.071632274302167
-1.3704916541119188,13.408624684913153,2.0752999679246686
-1.3425521372461544,13.26313416440479,2.0853581419939315
-1.307576975447998,13.121798510926737,2.1029703692696966
-1.2666654793265204,12.986165106336852,2.1269153962843594
-1.2212321408322924,12.85703975610889,2.1544375314021744
-1.172073539894542,12.735345844651036,2.1846490979024002
-1.1198605287257777,12.621456559556243,2.2173366462885076
-1.0659958566015935,12.515174068669145,2.249815859372995
-1.0109491641859503,12.416433304530287,2.2819646900290076
-0.9549179399784697,12.325298479610566,2.313534190675206
-0.8979440848661495,12.24216313356783,2.344825762470145
-0.8400551350307213,12.16757033631588,2.375952073618741
-0.7819948530759264,12.10175382902536,2.4060902670555127
-0.7240769986794455,12.043999243366509,2.4327251381739305
-0.666326591476015,11.996174235183542,2.4572014920972567
-0.6094849106809563,11.958824444287291,2.477163088516755
-0.5538223876439325,11.93294160187984,2.491783806301412
-0.6375236165996845,12.152502029172442,2.3999097293255502
-0.6685232236365881,12.313571299331665,2.3345977593205998
-0.6699568658178041,12.442574886632595,2.28023220645912
-0.6578010731800721,12.563807490853128,2.2274397499062744
-0.6375578174041361,12.684572667656653,2.17257560756528
-0.6114487996840918,12.808155866000298,2.115387900730652
-0.5801511045601091,12.936922494699498,2.0558826488583355
-0.544062637571207,13.070701413443711,1.9949138797525237
-0.5029576001735592,13.208601106435431,1.9332171134250826
-0.45636579652180287,13.349437377541756,1.8721719396751864
-0.4042971386219427,13.490979126916464,1.8133011955257832
-0.3470841218492535,13.63129491163265,1.758131888304197
-0.28483499451554617,13.76857731220953,1.7077398275656712
-0.21860603656324695,13.90156564057646,1.6630479876284046
-0.14917503150534595,14.028727841841109,1.6243536454700322
-0.07777238365061945,14.149087472387928,1.5917873760645271
-0.005301237710361839,14.261644107631065,1.5652694873088517
0.06674957344737609,14.364968380470861,1.5444068664846915
0.13776919215714178,14.458017176010275,1.5286259907975364
0.20694238948310406,14.540280379779945,1.5173127639088593
0.2737944804851663,14.610715561924538,1.5105596483577086
0.3380441815979647,14.669320202274664,1.5079946955570076
0.40032295280976604,14.713919800734617,1.5095229634335983
0.4608662118669692,14.743535967933838,1.5145086340093998
0.5203138483275553,14.757925196823894,1.5224243530452322
0.5791339966191593,14.757289996830705,1.5318439930642063
0.6374095296400273,14.743136094394588,1.5415030586634355
0.6957476029626546,14.718094080383421,1.5503307637853911
0.754410650120165,14.684912634645734,1.5580858526726562
0.8127211144308073,14.646555699467964,1.5654037092958593
0.8700975005251854,14.604878121407156,1.5723089569617716
0.9253699705073819,14.561653791188352,1.5785314091508198
0.976469351125249,14.518894213702602,1.5834278861829167
1.0225879187259967,14.476110828350501,1.587620822735107
1.0633675298935663,14.432665626211108,1.5900254975227988
1.0996342175810037,14.385949221507703,1.5919685320471109
1.132786261987999,14.334302404563832,1.5938310906979272
1.165075248982815,14.275294716549826,1.596557963398296
1.1981318723713081,14.209168519028083,1.6013804538328742
1.2347282063895937,14.133429752363991,1.609418793794406
1.2778631972391186,14.045057307090605,1.6216874210099332
1.328997460723582,13.939229158711331,1.6420775541629373
1.3895539528886303,13.81314805651223,1.6744879766913208
1.459853787249815,13.667484188033788,1.7235943863919028
1.5390072633615226,13.509391881092645,1.7885994084941217
1.62394526860886,13.352590988153786,1.8636917080237083
1.7085825359776705,13.22114591535131,1.93715795421617
1.7869136412208224,13.135225505513034,1.9980892121897291
1.860712128345667,13.092917935989583,2.0439645749504916
1.9335062643716292,13.080309893840477,2.0793438403096625
2.007348311076936,13.087525303475054,2.1074482365514857
2.0824576263968266,13.11062171861224,2.130484568559938
2.159222561937969,13.147622711090111,2.1474675864570196
2.2381880116120985,13.19637826416377,2.158035410555053
2.3201612662598046,13.255676170036844,2.161764571200681
2.4059078134736516,13.323081263613599,2.160325863541056
2.4964141762642877,13.39620767661677,2.1556301953511214
2.592616125275781,13.473959809750463,2.149249216760433
2.6949102882386433,13.555341655349919,2.141818497118284
2.8029680557680727,13.63946908666832,2.1338243504240078
2.91594873506433,13.725500866276446,2.1260238603317987
3.0330168781781417,13.812185985185373,2.117838192365043
3.1533426024729163,13.89923532584387,2.1092114359374072
3.2754301228298797,13.986607625133345,2.1003859759511885
3.3983131495002357,14.075035613830261,2.0917229328460643
3.5208429163471977,14.165506640706482,2.0834120482697402
3.6422174490044448,14.258902820046538,2.0749513074312755
3.7615110576741557,14.355714498949908,2.066255838608864
3.877917523435889,14.456003191477226,2.0586757020187507
3.991087821353846,14.558932646831897,2.0530559861473803
4.10003782386982,14.662684563458985,2.050191900388624
4.204547158555029,14.7653949730272,2.051510488981064
4.3041835952546155,14.865918211437743,2.057548829168752
4.398988626155374,14.962306273546979,2.068198495537957
4.489566921238017,15.053036525674049,2.082958745984059
4.576746596419364,15.137142529688582,2.1007523735508853
4.660799905944801,15.213228438468732,2.120492760227129
4.742708569840814,15.281640655012565,2.1417561415159234
4.822975459381852,15.341592174528284,2.163673765448717
4.901682141786748,15.39364480338016,2.1856918191297314
4.9793555749713345,15.438720070714922,2.2077516021034693
5.055436178156961,15.477233740674313,2.2297557256177516
5.128847683046121,15.507679350036547,2.2509680544629207
5.1993052673960545,15.53066348165746,2.271192903405842
5.265886601409764,15.544982168158947,2.2894802582566385
5.329110861231129,15.551172778093195,2.305418965043984
5.388973213859992,15.549955173857896,2.318807726287347
5.445606983770743,15.54338223260002,2.328874549740287
5.498443623801801,15.53303166259761,2.3354325378623813
5.546476621842603,15.521548050418694,2.3384509616647655
5.588461372887371,15.50907386218684,2.3370376203057885
5.624178864857495,15.49625149090288,2.3313003388940254
5.653555215487506,15.481298613744016,2.3224144638441873
5.6778119841099475,15.462523133919898,2.3109358885389923
5.698507704701116,15.436376738347764,2.2984173519156483
5.717028461055831,15.402105187271918,2.2847859094195684
5.734457098637192,15.358386224972897,2.2704859245007833
5.7515222365019065,15.305095760364273,2.255337780969315
5.768301428128728,15.240896558325435,2.2391840787757715
5.78466133342695,15.165151649723889,2.2218624993665372
5.800771690937995,15.077086190199838,2.204523846705107
5.816399380397618,14.976943710048168,2.187396875168221
5.83218100174021,14.865420081394005,2.1716955959072184
5.847989106471104,14.74489145909573,2.1579220672116843
5.863987753117034,14.617244226249065,2.146279540050145
5.879702217735383,14.482652233697875,2.137931289053978
5.895180883938641,14.339422561961397,2.134112663407854
5.9102728753479035,14.185421723206995,2.1379382253057795
5.92520251674386,14.020860373737115,2.1525201955258657
5.939963045994148,13.848133131429405,2.1798013495863184
5.954683012701858,13.673262270769742,2.218348478556612
5.968727642574878,13.505061709207116,2.2641090192824
5.981793556611415,13.352950358989457,2.311186417869277
5.993183970101964,13.2235499355962,2.355284287614487
6.0031094404527865,13.119371382447245,2.394767694061888
6.012593549008816,13.038811227378803,2.4298761266443414
6.022701841512746,12.979917653367536,2.461359015766246
6.033802111061612,12.94063154690666,2.4891065918291186
6.04676488143975,12.918676293315372,2.510358870471552
6.06145922839037,12.912644260906774,2.523632728023327
6.07789915233039,12.920190589680157,2.527832616361721
6.096106330811171,12.938924086560318,2.523711997649573
6.116103022642259,12.966226795791266,2.513901715454578
6.1380539361822235,12.999784089160963,2.499684337251682
6.161862901649946,13.037630290084767,2.48266928547317
6.187354692982167,13.079425896963272,2.46316891795413
6.214253267879446,13.124915393446146,2.440833625435367
6.241471162005101,13.174840447576596,2.414883084990172
6.268451071407111,13.230306592946395,2.384561211152204
6.294069669462053,13.29295065241277,2.3494876713777852
6.31752576818071,13.36407968742875,2.3104557453011356
6.338074388101541,13.44447082691974,2.2676556043624423
6.354646760174496,13.534676869887651,2.2225074803026725
6.366702878000901,13.634583079867191,2.175891667319127
6.3742091690028815,13.743167216932695,2.1291740984507896
6.376518514006606,13.858808287164692,2.084189007103906
6.374190661165771,13.97894902297328,2.0428678560337463
6.367635058792463,14.100618505751687,2.0059029367435546
6.357594298195737,14.221046431662945,1.9747671306626904
6.3443364568038865,14.3376801546534,1.9490738360713955
6.3287026232659755,14.448738103918505,1.9291466147550214
6.310406369473931,14.553301931941759,1.9140803374756228
6.289838809029373,14.649762709668458,1.9031085726519636
6.267194978212256,14.737201077817039,1.8954159234316625
6.242512693532577,14.815219386090158,1.8906888094564174
6.21567113857017,14.883554989677169,1.88817544811958
6.187114164260635,14.94179346613579,1.8874732870462987
6.156336196231485,14.990419271260247,1.888170360193766
6.122939641831963,15.0290401404782,1.888992315022616
6.086423613568268,15.057161096260765,1.889220709109102
6.0462942589246005,15.07395335967325,1.88823983135834
6.002433956767617,15.07917157949484,1.885342861707505
5.954608514674,15.07234262263361,1.8804557798580763
5.902504967963834,15.054020173273093,1.8741552297732582
5.846391076336925,15.024462037868064,1.866670082552302
5.786264762276434,14.984665235402236,1.858656764837745
5.721804812577515,14.936108668362005,1.8500359819816818
5.653027395312583,14.880480099970798,1.8411938536208297
5.579392281130346,14.82093262969735,1.8318829839110506
5.5004697422709565,14.760528093001327,1.8215562529942613
5.416106103660045,14.70133529942336,1.8097772242845735
5.326491451048215,14.64450281757363,1.7967907460969688
5.232740298840858,14.588885465017352,1.7832888082745182
5.136161301684794,14.532582771729079,1.7697556841413524
5.0381898769953475,14.472945155700204,1.7572553877576285
4.94020751578223,14.407981878911453,1.7468126246620308
4.84373605257349,14.335736550199137,1.7392369041664413
4.7498510460347,14.255065287197235,1.7351910467744398
4.6598129204578385,14.164597955661876,1.7353142831718724
4.57363256589946,14.065760662244186,1.742420863374746
4.491005395859007,13.960845587100478,1.7574870570338197
4.410509822445885,13.854570161858668,1.780538162817563
4.330797373806474,13.751827064809639,1.8110373142483
4.250965462742919,13.657294520640209,1.8471004028837363
4.171083894536594,13.574049370105485,1.8860893377809633
4.092036120345749,13.50333902100656,1.9264267581728545
4.014992749541629,13.444809998993104,1.9658717551004807
3.9404550905995253,13.397679843198313,2.0037199199553735
3.867738583393468,13.361184637626542,2.037599762147674
3.795262820643791,13.335595486505719,2.0651141814293545
3.7210165856337216,13.32185216974926,2.084847144259051
3.6430768899870403,13.321756849635554,2.0963906156505434
3.560289273592672,13.336738322723168,2.1002304388766975
3.472911783155096,13.367210940653548,2.097198502050916
3.381642563342732,13.412765279375783,2.0883132870725385
3.287788459568011,13.472144846757082,2.0743408356464856
3.1923974859309077,13.544357601561341,2.0555547370924936
3.096341620225855,13.62881848580464,2.0325984719440946
2.999981212846221,13.725136673705558,2.006286769900326
2.9035051019767755,13.833536327200436,1.9771178397711768
2.806436826559479,13.953102246823802,1.9466976495971133
2.709092199820348,14.080925885198011,1.9162953692453506
2.6124143602573255,14.213010434911219,1.8891328508793492
2.5179603498229595,14.344266266780355,1.8679161990606952
2.427254808301103,14.469506570716266,1.8548463288862926
2.3418384593902606,14.585109706957313,1.8509692714426498
2.262065914903616,14.688807921452927,1.8552668196723054
2.1874822306647266,14.78074371379974,1.8655282033199647
2.116762069753468,14.862111712649424,1.879468938992889
2.048634529599145,14.93382018858329,1.8944206720649994
1.9820131483451378,14.996165162459048,1.9098052541026789
1.9163913943403363,15.048605635326517,1.9253636002400594
1.8515084979657446,15.088974373933556,1.941113130744287
1.7869871897727254,15.114959089900534,1.9565759665378604
1.723036031016223,15.125673781693235,1.970640212792941
1.6595547694266837,15.120492901964404,1.982478308483266
1.5975216226674975,15.099700689200064,1.9908338068350195
1.5387537849051025,15.061431315802926,1.9950715411556388
1.4866161970132334,15.000254556078236,1.9944911136662071
1.44959651620263,14.898434131779439,1.9890547080379655
1.457004674755352,14.691519467736967,1.9779908247328377
1.3752637209049836,14.704345466607792,1.981797660496416
1.2926189169137485,14.701118788754659,1.9874232732396981
1.209288613440425,14.681009036487398,1.9945329628519035
1.125920199072421,14.643415157996712,2.0026747893720724
1.0427889647919648,14.58873718942599,2.01105571601951
0.9604874315482075,14.517444298214421,2.0192182013971403
0.8792564362097317,14.430385428554912,2.0269591612107556
0.7992432852268161,14.328522892755226,2.035253728165223
0.721302426549129,14.21340333915182,2.044951690054628
0.6462733473940583,14.086452603446418,2.0567697892555534
0.5738541502031667,13.948429825925464,2.0693685841195393
0.5048254443734757,13.800926257785056,2.0846584661571814
0.3829164292270475,13.755858801632657,2.0981039255251757
0.23477201489729138,13.76770096350945,2.1115245781654925
0.13155439417031145,13.69926365912048,2.133589550019999
0.05350036356353094,13.593417045561822,2.1655310781146557
-0.004062911385656953,13.461240522582928,2.2063164210752086
-0.04168800114956239,13.309142111305441,2.2574035511345114
-0.06129077182203124,13.138028727386873,2.3142407538860494
-0.058918653596598425,12.941267353094183,2.37764705773957
-0.020053518352769917,12.69372094470776,2.4540621916354306
0.043256091001194985,12.421090830923555,2.543478079129655
-0.001039137163581394,12.343139265830093,2.591492912705318
-0.0487853913258518,12.277091506737312,2.637677355813895
-0.10101292853981869,12.22184414429493,2.6802904461342516
-0.15678547092616757,12.17854110527605,2.7202999263837
-0.2159036822601048,12.147470836501885,2.7558642405890783
-0.27777257128718524,12.129387050995533,2.7842438784772856
-0.34175497326364823,12.124561109523283,2.8031261928533286
-0.4067814574746267,12.13360040265087,2.8111190576950813
-0.4728576082056075,12.156508262954606,2.8073601526749803
-0.5396054867136302,12.193917481217833,2.7924840186913737
-0.6618660619831114,12.349113750567236,2.737285561832069
-0.8291967783910015,12.612193430924275,2.654846927766166
-0.9517504501425176,12.80419681775162,2.5953231693062193
-1.0637482116649544,12.985858055371393,2.5412442659503176
-1.1713325179301242,13.166917581663034,2.4904632410546546
-1.2765516175615788,13.349836095862182,2.4419752931581096
-1.378309900580308,13.533049189332768,2.396407801908434
-1.4762141510510265,13.71488975012247,2.353177527809321
-1.5662141548372435,13.891273057060054,2.315209776217734
-1.647845866200345,14.057690973839279,2.280927999777761
-1.7176690830470658,14.210010609602719,2.252987390002473
-1.7747854577530466,14.345559144111663,2.231799843349523
-1.8182920333841235,14.46044504532204,2.2167014749897307
-1.8475651030306866,14.55329726401071,2.20700017734499
-1.8632124188820853,14.622923748264665,2.2007794844122914
-1.8677187825511838,14.669995863408218,2.194644198214598
-1.8611413017378307,14.69568667537373,2.1889727157909658
-1.8455791509658508,14.698793603609833,2.17952861846452
-1.8194304295070678,14.675321184991507,2.166039251599014
-1.776975501853775,14.613129551748882,2.1473537101408073
-1.657810294519059,14.387872873857443,2.115035972122034
-1.6789250594592109,14.465404658030474,2.10273646492049
-1.699265365150962,14.530163296360675,2.0897460402033365
-1.7184822101089738,14.580238769598473,2.075469575884868
-1.7362827511617072,14.614762130294142,2.0602384517037873
-1.7522546599233908,14.632907483326603,2.0442889741548695
-1.7662204670402826,14.634582830781454,2.027926445528416
-1.7780491564015075,14.619705650995495,2.011263347504924
-1.787469789575315,14.588906110459613,1.9951960115260743
-1.7941978356276753,14.54278222039197,1.979787261799495
-1.7979648559037522,14.48219652988008,1.965853161647824
-1.7982350513348218,14.407659288684624,1.9531017403977806
-1.795102051487386,14.320107113592963,1.941574759808658
-1.789345552193773,14.219618761996065,1.9297210193996452
-1.7802598235220493,14.107867073406174,1.9184110129143424
-1.7674329897928396,13.985587374807928,1.90850411552222
-1.7501570030892166,13.85469431675531,1.9019868302352467
-1.7269652947610141,13.717589618326478,1.9011535422737564
-1.697326583456411,13.57623661437641,1.9067948999728248
-1.676223836621882,13.461061109779237,1.9214290645048218
-1.6142519096571633,13.293776521214891,1.9511243612674551
-1.562929348581918,13.15649240926425,1.9863069654539185
-1.5071069295129904,13.024615611859819,2.026564451695287
-1.44841855711019,12.899030445379951,2.0682705268327553
-1.3882227875620963,12.780903774606264,2.1086668799478003
-1.3267230717533498,12.671546228934092,2.147678051073089
-1.2655944432405248,12.56995639991078,2.1807631132840815
-1.2037632346735605,12.477996026105531,2.2120069129826847
-1.1421247248603708,12.395747321889,2.2406092349577813
-1.081478729545579,12.323816532069017,2.2674192922275394
-1.0221855594917402,12.262957598548322,2.292876584978366
-0.965216430911545,12.214108488276032,2.315969935595356
-0.9107998951918808,12.178213727882042,2.335083624581584
-0.8587007731871611,12.15651333949102,2.349890377209122
-0.8088839322269802,12.148864344910999,2.3571011350415407
-0.8696664904835079,12.358571943185684,2.2709184578316144
-0.8965615518481498,12.536112872469815,2.1989201588089173
-0.89510869023615,12.681864676213698,2.13824147504529
-0.8790356925019983,12.816952178691587,2.080581908133623
-0.853538647987283,12.947814183845077,2.023550669626304
-0.8214371945462269,13.078063470264233,1.9664748375322487
-0.7849524071967932,13.210586905465606,1.9090052679925718
-0.7455918885002735,13.347050212428455,1.8511494045855823
-0.7041958007794483,13.489435599004985,1.7934847568678647
-0.6613965945178251,13.637418471110173,1.7370213485814503
-0.6169211679420992,13.789679444287508,1.6830131028404507
-0.5699975080701059,13.943807279431818,1.633988310269607
-0.5198880154639143,14.096864408691806,1.5918566690189992
-0.46591555505596194,14.246018456714497,1.557214021940645
-0.40685399665966826,14.388181716187756,1.5308671728162393
-0.34125034697961154,14.518699167161937,1.5125888013158022
-0.269489721739961,14.635654195494894,1.5013486769267539
-0.19153852327494425,14.736653854807093,1.4956472325865313
-0.10680038998823504,14.817682558032915,1.4949432450570042
-0.016341665466928834,14.877319418437432,1.4979348330123088
0.07878038399987619,14.915294249232467,1.5043222517512413
0.1768570505191357,14.932376713789886,1.5117467681949188
0.2757754594137757,14.932025746224129,1.5192431152713288
0.37474089457193427,14.915724763187386,1.5263737093787029
0.4725326387344818,14.886283818030854,1.5325524713477217
0.5705307931773935,14.841885187024626,1.5387308715776928
0.6746307619601277,14.769787660142935,1.5479092608667697
0.8070008755318334,14.61398199123231,1.5676685207899057
0.8719374317449455,14.636380077853547,1.5731406508452803
0.9407454989864552,14.64266795404091,1.5799304293679635
1.0132735070575336,14.63192248271839,1.58756292541106
1.0888415998534524,14.604217604931893,1.5955729951075437
1.1662653371969927,14.560910381975795,1.6034860086211653
1.2279789242476808,14.545243554080969,1.6072316041531698
1.2397557736115636,14.644296005137234,1.5959977735319173
1.2847329123801445,14.65500410275342,1.596053608892233
1.3414722964492432,14.632997703358882,1.6013210070819843
1.4087255851417946,14.582629873948575,1.6116946091077597
1.4873188011692424,14.501500727888263,1.6298699872474582
1.5775706079875387,14.387195037022186,1.6588638708943018
1.6803471996396637,14.237234923054451,1.7031001651860507
1.7962135754884725,14.051685808132671,1.766129860578574
1.925436313341547,13.829221239623239,1.8504637144798268
2.0730986563937397,13.552426068676878,1.9638148344946886
2.2266731239304165,13.25659135922398,2.1004093329562856
2.3303396604992233,13.13285509937512,2.18329568869863
2.4350315732495305,13.01605530823755,2.266934146380766
2.540155826414254,12.906812954176214,2.3497883141875393
2.6461136986935707,12.805162850752762,2.431160290756628
2.7524570710532825,12.711027346378174,2.5106290568738645
2.7967774167696993,12.879420853012595,2.4652946209274926
2.865706707440398,12.970738339575753,2.4585181915638286
2.943150927225469,13.046574391864787,2.4600328964077143
3.025007770408141,13.121579832184405,2.4616577945176985
3.1106556816211914,13.199252721417357,2.4613752767500685
3.1997531947526867,13.280385856495572,2.4577382755319084
3.292605298176939,13.364484125410822,2.4508060195634247
3.3887851467019026,13.450610732215948,2.441478462846198
3.4876180355694735,13.537465261461806,2.4313133312912667
3.588431053023146,13.624138756143129,2.420682256559796
3.6903865267342204,13.710535946749324,2.410035289592779
3.792505983641158,13.797173141202618,2.3983183788786864
3.8944334459237604,13.885168413176812,2.3853574441137466
3.9956638506932745,13.976965331885493,2.3701826654370874
4.095466369635789,14.075134379783464,2.352686850076144
4.19262724387017,14.181622352004291,2.33321788041929
4.285760135437136,14.297525186226233,2.313175482632041
4.374075780325128,14.422358770878947,2.293835905385256
4.456774805159445,14.55441616434775,2.2771667574080467
4.534367173242617,14.689762190401522,2.2652616197811035
4.607484032259056,14.824023664132838,2.2599913388448254
4.677488741332502,14.95295253393002,2.2629733905861116
4.745544954207846,15.073987966331261,2.273647847837297
4.81240081310566,15.1853920943558,2.2911097382965053
4.878443217937058,15.286222295203535,2.3132700218870292
4.94419582392133,15.375984773538285,2.338509031831384
5.0096102686340584,15.454692473698277,2.365583596112523
5.074695470517712,15.521968631867077,2.3938835445790456
5.139761725303729,15.577851449509245,2.4228253648172418
5.204943147865289,15.622158054281424,2.45226458329617
5.269508495771234,15.654998875103697,2.480757588747042
5.33304717321376,15.677165908180694,2.5069443818863295
5.394727365650688,15.689118031289771,2.5295784251172853
5.453805283370791,15.691453607568018,2.547744872499621
5.50994131765888,15.685225364709195,2.5612297109959297
5.562590639910551,15.671787285719267,2.5703429989163658
5.611219544880051,15.65267228143869,2.575153796705594
5.655851203899362,15.629344785201951,2.575833861694343
5.695930124855697,15.602585001431615,2.5727517203042627
5.731883668602074,15.572787106810893,2.5654052881592317
5.764589530835382,15.538824081370135,2.554452228191815
5.7952512277258945,15.49934411172982,2.539949822985834
5.824548036098707,15.451788818531918,2.522404684265517
5.853068411890096,15.394008693608601,2.5022760343319357
5.880669566662221,15.324298141129464,2.480698686196816
5.907250787402351,15.241895239516635,2.457850356707195
5.932951591985689,15.146580296094463,2.4342541103809054
5.9577435973667825,15.039559560335956,2.410747677351128
5.981573751671794,14.921593360663941,2.387811636774191
6.0052422618747645,14.793033508299125,2.365833219540515
6.0290068187446,14.652495762756352,2.3479319628247897
6.052607004590061,14.49792797655664,2.336415064726716
6.075853162609347,14.328770745154582,2.3369827741110827
6.09773601768351,14.14766543996933,2.352901562180281
6.1183501960845526,13.959372736272302,2.3842639193593254
6.138017488945142,13.770755124925621,2.426687689884467
6.156646204758101,13.589544126233516,2.475800219140826
6.174603783268656,13.421688938965437,2.526883171472469
6.191995215243198,13.27121137556124,2.5783900298599463
6.20923582168236,13.140382825776625,2.6278376394471232
6.226911063876686,13.029259196763993,2.6741417947313613
6.245458400374553,12.937230446757262,2.7148437046441902
6.2649580893505235,12.863657189391887,2.748450087214353
6.284948744998573,12.80844272003168,2.77318484046629
6.3051150273516665,12.771111799220341,2.7878361582865523
6.324898510578175,12.75148139775798,2.7930360045841134
6.344025055764963,12.749639218243058,2.78988261900453
6.36274298714901,12.765321710271543,2.7794772194003228
6.381393273004402,12.79701378514709,2.7632647924834464
6.40038293278943,12.840156893214797,2.742601356428784
6.420072283341937,12.892679852659473,2.7179137766291266
6.440080583027533,12.95265737179874,2.68818877418291
6.459921409966461,13.020086290551944,2.6530508485733186
6.478982976182817,13.095219416336805,2.6116301841903784
6.496582371082866,13.179298020109675,2.564018817853735
6.511906772404688,13.272945580099798,2.51197712850211
6.5237196059123,13.377059930140788,2.456549463436713
6.531760028916462,13.489483938645336,2.400882705084639
6.535455364989853,13.609233272657685,2.346371154293129
6.53457015127873,13.734439984998149,2.2944100797438036
6.529101948515738,13.863204334789932,2.2469764963438204
6.519581590250144,13.992424283394394,2.205260512338236
6.50665362430815,14.11990918047855,2.1697763170604523
6.490721511351975,14.2433513110686,2.142050751253594
6.472037779672818,14.36053667955533,2.121274362638938
6.45149400029551,14.470170057789515,2.1064826024864605
6.42903620850348,14.570334282448592,2.096586916407354
6.405373314723222,14.659440644336852,2.091001000111369
6.3796965827455585,14.737143188261623,2.0883346472761772
6.35182700485506,14.802489414628555,2.088082262695873
6.3211730537244035,14.855549745333349,2.0886094702276052
6.287111069626619,14.897220193866517,2.089348986631294
6.248910613643913,14.92820059142804,2.089125158544289
6.20608456854282,14.949029701850648,2.087349437577979
6.15869139863926,14.959045448382525,2.0843857959042147
6.106977585045823,14.957502606231246,2.0810682179233586
6.051172808579635,14.944332674357835,2.0760725860506355
5.991416322718728,14.920115308738653,2.0693543056395063
5.928060328202469,14.88703193062772,2.0594776872384726
5.860752102971189,14.849068380478245,2.046569105071245
5.788669631729873,14.810540256803367,2.0302936525092905
5.71098774381513,14.776113529090999,2.0106504184378933
5.627424171490511,14.748408953306994,1.9887336614706763
5.537971193514002,14.727424029277847,1.9650934207690396
5.4433275492576385,14.70995451809215,1.9404283850942177
5.34409727012859,14.692742190738853,1.915361446774198
5.241428813318681,14.670720586684343,1.890660479508247
5.135645516522167,14.641331157109882,1.8661826549503395
5.028675108139612,14.601331607701805,1.8433371299791794
4.92096037121353,14.549859275721357,1.8231400976591319
4.813576876666575,14.485003360444049,1.8061316512729526
4.707138986621853,14.406736854891328,1.793946149437554
4.602260047007194,14.315189108805225,1.7887614669728373
4.499569009901091,14.212965303540345,1.7918990756243547
4.400106314002435,14.10329238685863,1.8054867109075667
4.303503055848445,13.992468291480774,1.8284646768614543
4.210277572584496,13.885897565717073,1.8591656307549895
4.120265958239928,13.78949193776369,1.8948043061585151
4.033113778245933,13.706740174886928,1.932390466918755
3.948529214415614,13.638614839966401,1.9689490673227743
3.8665251100324847,13.584074736359188,2.0030293504129544
3.7868022521473454,13.540865380529889,2.0323411679315635
3.7085063546017003,13.507310952821962,2.056035304898649
3.630416208214701,13.483215419453156,2.0728924143383054
3.55114711036125,13.46959077305036,2.082339449001278
3.4698949099456673,13.468000876119431,2.0844622695495776
3.386312089206653,13.479689582729632,2.0798580134998303
3.300606733601535,13.504810640739844,2.0694277190173223
3.213322663357883,13.542962760203144,2.0540762724668173
3.124859567527793,13.593427473135895,2.0346374717629025
3.0353381343005355,13.656022472620254,2.0117113609412067
2.9441316873286945,13.731358389922782,1.9847801731738466
2.851322130430962,13.819518265229394,1.954509022807776
2.7563912252466363,13.919920014769511,1.9208961927562838
2.66068986946792,14.030104408407498,1.8883069387336349
2.565210045157493,14.146023428019317,1.8588380369561062
2.4716657306407894,14.261833492034496,1.8360378326571132
2.3816735542986045,14.37330474686954,1.8221450420069765
2.2963565382068922,14.4763990065583,1.8175879553670065
2.215786381614487,14.568532064191228,1.820295735780479
2.1400539760619193,14.648418017757823,1.828716187950148
2.069043458770318,14.715926475624128,1.8409873470136322
2.00199500801204,14.77060980166204,1.8565330983746513
1.9379965668408978,14.81246323638064,1.8738957338075934
1.8760069716068286,14.841469141214848,1.8915425720498202
1.8148109862301558,14.858268904915086,1.9084764831358347
1.7537003658756811,14.86425782578392,1.923574872193555
1.6922061550777134,14.859980866979468,1.9360513715063972
1.6297894683003356,14.84574877906065,1.9454585986961925
1.5672156090695317,14.82220223869497,1.9527596401918448
1.5036569472816734,14.788150688301503,1.9573774179645174
1.4399347618411587,14.740695065269183,1.9592866503522117
1.376826843151795,14.67683814332871,1.9591621619475594
1.3164393500092957,14.591164807580578,1.958244914853469
1.2625157890115535,14.471264027621551,1.957933332312832
1.2351466027782565,14.252973737745883,1.961858302433222
1.1529333602324967,14.211854834055506,1.9642062807336735
1.0705977504748723,14.156341099119263,1.9680102620023412
0.9883944598000718,14.086724332260815,1.9735218841256463
0.9070419465332447,14.003324996989184,1.9808093647503897
0.8275603353207468,13.906911907314223,1.9908687056582979
0.7247199066614827,13.872562724037758,1.9982137126316353
0.6049946149963601,13.878882220757834,2.0044802034160822
0.5043229567736129,13.82778002077588,2.015638471216171
0.40974755035677557,13.7572834718211,2.0301067578120806
0.32113419779193997,13.671712265814957,2.0496599861830527
0.23795036042543272,13.573467713871473,2.073898471611578
0.16276419544815512,13.462047913233727,2.104789838619129
0.0963941916076867,13.340042211009091,2.1436300498955516
0.04010421691812116,13.209103406690355,2.1895885095186802
-0.006904157513763387,13.07220068123014,2.242163870591008
-0.04568290647555617,12.9300820317589,2.3006631898798666
-0.07910181319328435,12.787252752893018,2.3628225531807274
-0.10926853164639239,12.647607004063419,2.4276459743089633
-0.14021944486349636,12.516033561602828,2.491515825521878
-0.17505795508320565,12.398860769874512,2.552665717498331
-0.21925902497081307,12.30708001216806,2.607564955062566
-0.2768703511126196,12.249995374319521,2.653120518517409
-0.3490008745110069,12.230702365317137,2.6861850025225955
-0.43376693362333896,12.246359137314696,2.705706069731635
-0.5279155815992551,12.291794369301384,2.711852675696056
-0.6287954435878551,12.360727943863537,2.7045259392192946
-0.7344172352369989,12.449092966170085,2.684958721480365
-0.8431789303026953,12.554120921125707,2.6556271216593785
-0.953195216911229,12.671741345269243,2.619383443231051
-1.0630058681380774,12.799807763418872,2.5797129140114983
-1.1715801233510206,12.93623264745189,2.539345417622771
-1.278403953670014,13.079504482110792,2.4992783293919345
-1.3832662872977832,13.22888601191442,2.4606850578274795
-1.4856351144687618,13.382237712884452,2.423293531716525
-1.5845758190299648,13.536875015115715,2.38756272697728
-1.6781853277086474,13.689307156358268,2.3546608786864303
-1.7642850196532804,13.835350727601782,2.3256626640779725
-1.8406720563433643,13.970936918057069,2.3017782175348556
-1.9061513131341745,14.093699707442774,2.283526473740273
-1.960930925592792,14.202243331982507,2.269927073770889
-2.0061976748452772,14.296590752719482,2.2597003474271213
-2.0434151130549574,14.377337258554755,2.2516667566097466
-2.074240315381579,14.445328022824876,2.244809863532133
-2.099847338339,14.501159899091988,2.238349940137354
-2.121243703690312,14.5449702297301,2.2320106812566234
-2.1394885067977474,14.576264726411686,2.2257511037570685
-2.1551362070327413,14.595239361576095,2.219018098851694
-2.1682084441830938,14.601058852021062,2.2118778061999214
-2.17835478891491,14.592408754156214,2.2038436505158554
-2.1845358431727835,14.567473924912994,2.194936633942879
-2.185468489991922,14.525380583636256,2.1854242295445685
-2.179915679229308,14.464737230718232,2.1749093641901815
-2.1676985758855336,14.385575358552089,2.1632451568587134
-2.148517897951998,14.287720065542125,2.1509624081191783
-2.1206713042497385,14.167640212402173,2.1383946233095346
-2.0699300744276763,13.996046903908141,2.1264162908555093
-2.0835442961530246,13.954638380193838,2.1197448885629564
-2.094413995028881,13.89983036005638,2.1128453059567356
-2.101614282246986,13.831905362712352,2.106586904652545
-2.152653808199233,13.847176458040352,2.1001086160676152
-2.196180791107462,13.84389834984552,2.0920175250285897
-2.226488362518632,13.814497385436837,2.0836449937295303
-2.247189787473208,13.768101321990976,2.0747117022018964
-2.2569018393014186,13.703144364014081,2.0659532300276355
-2.255270651224346,13.621617518017343,2.0595649172028807
-2.2403642408279185,13.523492480869693,2.0586110564090587
-2.212513303385784,13.409781566250443,2.063911577711206
-2.171740512368946,13.28375122796462,2.077269709075628
-2.12049281760431,13.149508306182467,2.0970366648480816
-2.0607764454670083,13.012116151476743,2.122482878360385
-1.99415677290611,12.875441041739375,2.152650135510016
-1.9201895139813518,12.736244672226146,2.186593289559724
-1.8373305261221438,12.592274521326212,2.225844350128506
-1.7404158107193906,12.435808733201304,2.2747177617164187
-1.5966290200730975,12.206787652619719,2.3524391466028804
-1.5150633153096709,12.098007034343008,2.3983246431634457
-1.4618804315879803,12.044156842667013,2.4270541362911606
-1.4105838788637062,11.998963359438788,2.4534438434642025
-1.3612124784485524,11.96368799230658,2.477092613973423
-1.313956687618806,11.938434962864545,2.4954918055286583
-1.2685259030212341,11.92439971985436,2.5083361485044016
-1.3413974540737685,12.143159422910946,2.419455103159062
-1.365101072048172,12.294714383480217,2.3592616708598966
-1.3708194446939859,12.432460394146226,2.30453076729112
-1.3662891057888569,12.566734628079999,2.2493465631391496
-1.3539120936581823,12.700817787823723,2.19289265594852
-1.3358481207359556,12.836157787364828,2.134423551616127
-1.3127887565340037,12.972108877229823,2.074279932363031
-1.2856016197635576,13.109122825870163,2.0135668696576463
-1.2544809302895876,13.246453456582362,1.953658345770715
-1.2196182678733827,13.384849812617432,1.8961982165298696
-1.180945595164468,13.52446908188133,1.8433100130383897
-1.13904358909565,13.663928052712942,1.794059966701922
-1.0935814834042419,13.802656019984283,1.7490872076482091
-1.0452731139094367,13.941117085158938,1.7092847171250503
-0.9941138139237887,14.077605053228638,1.675466289678278
-0.9411335880064218,14.210296306918355,1.6449400864856027
-0.8859471462351123,14.338775980386151,1.6205953875651744
-0.8286863801537695,14.461174818852086,1.601558538853439
-0.769251010904827,14.574354271102287,1.5878024466899339
-0.7071388239259035,14.676422881101685,1.5802088911962695
-0.643307640056122,14.765707336833419,1.5774009126911475
-0.5783927128999374,14.841693540256756,1.5793942942361427
-0.5132321331469731,14.903371518877973,1.5857406953554394
-0.4491770714837643,14.950563131140052,1.5923876033684108
-0.3862352681721215,14.9839969753639,1.6003239859815839
-0.32424399643713653,15.006023319731161,1.608234977943031
-0.2631140192026903,15.016213224216669,1.614839540173583
-0.20225724635439624,15.016369370256363,1.6200983329860952
-0.14192661426400033,15.007730295035346,1.6238383240619108
-0.08155174083854544,14.990220501861202,1.6265930403086175
-0.021526420526554513,14.963291214015515,1.6287972248792917
0.0380559745497937,14.926613447680415,1.6308444675519018
0.09648124940675118,14.880574413312777,1.6326346286372981
0.1539597313213712,14.825005160185457,1.6341575436038482
0.21154931327641907,14.759259168076337,1.6358139077201406
0.2710717996095708,14.68171688069663,1.6386002235718538
0.33455399491711496,14.589888395426064,1.6438779643316348
0.4043031757329198,14.48071090989316,1.6533544428030984
0.48149730642440064,14.351077146368521,1.670096834346114
0.5673967916591083,14.198777946786493,1.697577705190393
0.6625852994718997,14.022608438576395,1.7389253497109456
0.7684123841595258,13.820898443725435,1.796245831207802
0.8868470464344337,13.588825404384943,1.8730564103363498
1.0255919828366875,13.303659483497816,1.9791109645497862
1.1965327770808036,12.927008437457397,2.1379453540393474
1.281842282954261,12.818603789193908,2.2044404735914105
1.369261742479812,12.715507048089346,2.2714673755326373
1.459138193677036,12.61768424462004,2.33808159994069
1.5518553160476893,12.524924397760023,2.403909044005152
1.6480354091764142,12.43768111130471,2.4681895433422945
1.7480034087108933,12.356392451870219,2.531084985142247
1.8512353494813358,12.281544672089995,2.5924988783965848
1.9570568306194276,12.213745299583112,2.65222372086604
2.0649323686763195,12.154684210893357,2.7098176100067883
2.1747932322017345,12.10615127911695,2.764273746754789
2.215687225881838,12.416798509971205,2.6327539354429295
2.2971419172215644,12.594653964944573,2.581933501414868
2.3948071729074667,12.740283627675613,2.5531739296658182
2.502443722759193,12.874840130270474,2.5347437906037165
2.6163160986734932,13.003343198982776,2.5220756451258106
2.7336432892932683,13.127819554976075,2.511917848761624
2.852414085003846,13.249927778224508,2.501510649924966
2.97127072340972,13.371502427235908,2.4896961509902313
3.0894017879257696,13.49396470299523,2.4766103200759506
3.2063271253469514,13.618948773803627,2.4627816242704723
3.321772998318311,13.748067017185567,2.4504570268095334
3.4361014124403213,13.881337297592385,2.4387983279918686
3.549068045959456,14.018008230816465,2.429148911977749
3.6608033885620954,14.156906016325237,2.4224636935831017
3.7713204296185294,14.29561695367841,2.4195464482177957
3.881009972615205,14.43200626691346,2.4238734715728727
3.9896401768593703,14.562275405409846,2.4364222303389624
4.096968887781829,14.683827994189626,2.457463731695377
4.2015672856683555,14.79499418704032,2.487395436952827
4.302574789176847,14.895187799564669,2.523517623773695
4.398867635795288,14.984260113616832,2.5638872256174494
4.489567372144794,15.0624055718405,2.607520788033562
4.57453855217021,15.129377487522987,2.6521058433575364
4.65443423628051,15.184643763333785,2.6977081881124043
4.729229706976318,15.22857809955046,2.7426853041995605
4.799080490328109,15.262303593734925,2.7845603173037796
4.864001465544997,15.28867274163954,2.8212252058218574
4.923790435060226,15.311002963750026,2.851336773591706
4.978745887246892,15.333196766944209,2.873970483621685
5.028730382967505,15.357346673076652,2.889705229355365
5.07376811097597,15.385169893143486,2.8988185899296246
5.114006090839199,15.41531993690249,2.903223607422312
5.1498873833426355,15.445972336877299,2.9038067371677183
5.181550425286586,15.473203781991977,2.902201804271014
5.209375423324342,15.494396134798805,2.898808500724046
5.234133080733337,15.507000384114205,2.8935968635872404
5.256004944227129,15.510976186436585,2.8862430849028895
5.275635123060695,15.506657925568312,2.8763657690148356
5.293472069800455,15.494693374001175,2.8629460902196238
5.310006019301033,15.474264046748111,2.8459031970013893
5.3260088911505665,15.444594117254594,2.8248962357823544
5.3418246483790295,15.403903712889182,2.801718273828926
5.358224134915627,15.35207332670347,2.7769619256167912
5.375327517633426,15.289290094226468,2.7513464693506204
5.393834100912559,15.216855500594905,2.7248872815051364
5.413641207543975,15.13678855045249,2.6981059329857393
5.434332442036727,15.049154033223662,2.6718283148713766
5.455947818458231,14.952595710154041,2.6468582618940637
5.477957334920211,14.845364287058477,2.625184528243457
5.500799895042347,14.725418435404494,2.609423652275284
5.524433819004797,14.592602312864775,2.6021692365481695
5.549168437918636,14.449103429545369,2.6053529721182365
5.575871399148359,14.297809273823168,2.6179031780101205
5.60468055230893,14.144030786322832,2.6387283972353854
5.635085303915309,13.992860962016067,2.6658716425099254
5.667458711019507,13.848568859936401,2.6957044303398474
5.701114378623187,13.715389956258553,2.7266554571783566
5.736149273082358,13.596406103989837,2.756194059254839
5.772215956073147,13.494337545239231,2.783100016367942
5.809116759665735,13.411575812690629,2.8055367817804973
5.846564509322427,13.34888874251178,2.8216612016575686
5.884389117074147,13.3056436951663,2.8301431009542624
5.921788021577088,13.279506427608833,2.831709864550091
5.958643687293055,13.267848017283994,2.826744363995613
5.9946269824189695,13.26788536974253,2.8171236532382755
6.029872058944184,13.276386479380513,2.804234156740498
6.0640401657753324,13.291867215433376,2.7894369473914526
6.097307567654692,13.313283651137422,2.7733534974764895
6.130071776601054,13.3400141751805,2.7559401134102828
6.162728767533833,13.371722485092377,2.735792532430951
6.195087926297465,13.408475088035646,2.7124166031522225
6.2271937605283325,13.451251216995237,2.685039771006127
6.258656729209112,13.500899857932675,2.6529541597198865
6.288985274374292,13.558277839377102,2.6158613937497917
6.3170794144287346,13.624856734068667,2.5746209963474582
6.3421362874213845,13.701145285856294,2.529515826386488
6.363127550117589,13.786354849646367,2.481707752831273
6.379835990289205,13.878903047158904,2.432576355371359
6.392481280214752,13.976003657635188,2.383982652687277
6.40144740284371,14.07410791708264,2.3378292570244614
6.407473384550535,14.169516967291134,2.2959253284854233
6.411054329618095,14.259385246579459,2.258862888325381
6.4122750211325625,14.340828244864744,2.2283964838112515
6.411580687430105,14.411776629034028,2.2035140585662303
6.408833828168579,14.472316826864853,2.1837897736659757
6.404115669224121,14.523430389536445,2.1669467776113214
6.3972703597097125,14.567216714078622,2.1518124224617985
6.388326709736856,14.605142554346072,2.1360798867100286
6.3769796699341885,14.638126599917602,2.118767760698568
6.362778488054639,14.666976583440844,2.0997531060091505
6.3457320541902975,14.690520301824781,2.079363649073189
6.325544498812886,14.70762438978481,2.057516034854986
6.302629367568764,14.71890149992875,2.034445830065729
6.277529358708669,14.724792984311645,2.0090798872700555
6.250344049521785,14.725297438538348,1.9818241658820366
6.2210135804202125,14.719927105840659,1.9533616200871107
6.189305696039845,14.707656913419143,1.9244624936480976
6.1549605323039565,14.687579835033292,1.8963887625447988
6.11776303456485,14.659648462530598,1.8689435490202388
6.077427117845331,14.624141922349681,1.8419901446783964
6.033800459761647,14.582870822675249,1.8143810605493167
5.987149782796449,14.536616471897073,1.7861089987478493
5.937566953875493,14.48644875727908,1.757139504966192
5.8856136111184245,14.43242909799259,1.7282228285689332
5.831039011096475,14.374712063874126,1.699762015334196
5.774368373800286,14.312957568251228,1.672341564903526
5.715999085163725,14.247808603956734,1.64578672473431
5.656045540263919,14.178851171140387,1.6212704605644
5.594238354113972,14.106561070952413,1.5983620992773844
5.530627288094296,14.030369486932393,1.5773228713390788
5.465755972754599,13.950635524906263,1.558524763302981
5.40025397289892,13.867072193696117,1.5420501025638078
5.334001684264087,13.779838472847997,1.528143682769854
5.267345126569726,13.689728704951673,1.517682488618516
5.2004730873951335,13.597891903920528,1.5107854290858835
5.133827949191629,13.505087657514128,1.5072341834750889
5.067668843578004,13.412222617017415,1.5073617154409966
5.002232120215514,13.320129947159133,1.5104356987527483
4.937806329755224,13.229823435837519,1.51547137461354
4.874103908220477,13.14194401432355,1.5213750833806037
4.810462610201203,13.05725254420284,1.527173748762734
4.746305970066935,12.97648458203972,1.5319246051149342
4.680570842725025,12.900351292617172,1.5352324540463655
4.61326106023902,12.829380206623128,1.5371443869443207
4.54445835935993,12.7639913536017,1.5379884211287758
4.47400516766682,12.704354126705162,1.538449467042339
4.402520925527984,12.65140983187994,1.5384244944040892
4.329828451605914,12.605335964632857,1.537656991555731
4.256394463424993,12.566309230521812,1.5358902213722194
4.1824060958198706,12.534427779301094,1.5329588923817177
4.107953020396474,12.508450318472349,1.5287947259090942
4.0330987517193915,12.487445221926663,1.5239067238148625
3.9581846070137834,12.47020499493981,1.5185649381417567
3.883179890870998,12.455168858796895,1.5126799673305653
3.8084460298769147,12.442005324616318,1.5067145604439096
3.7343876371092115,12.430286881009438,1.5008097647440035
3.6612043638016996,12.419662763845512,1.4951508760239571
3.588834248578488,12.41010214602319,1.4897367101636858
3.5172569626944092,12.401721501048925,1.4845121055379664
3.446042030492987,12.395170779918297,1.4791602450442882
3.374877608917531,12.390594161024321,1.4732554422424728
3.303023976827789,12.387702220913555,1.466294773318232
3.230639919493324,12.386861247906886,1.4576542347883628
3.1575631042701273,12.388257529965228,1.448383689086115
3.0841487253702153,12.390670625155803,1.4386562874452622
3.0104578594723623,12.393487293890265,1.4293792456110976
2.9368220290964686,12.395847573110546,1.4216756568292057
2.8638434777514807,12.397896680029852,1.4157901757044868
2.791728018164071,12.399947427002381,1.4119381498472716
2.719413071457301,12.401743083425867,1.4092934888626552
2.6465616992302667,12.404708180155003,1.406646427763362
2.572511662264474,12.409475093057344,1.4036531515381947
2.4972292663590623,12.415725653094915,1.4002702827201512
2.4209100552586715,12.422868755147856,1.3966805106558047
2.3443545223066447,12.430213424030695,1.3937775926071234
2.268483933004626,12.436852073598642,1.3920250258431635
2.1937519559324117,12.442349558922203,1.391525988809442
2.119813332531181,12.446130572872683,1.3920867003968125
2.046703420192874,12.448443347190548,1.3937711845403893
1.9739961386191562,12.449506683307115,1.3964858298605352
1.9015448775482464,12.449706065506566,1.400312577494872
1.82946226841546,12.449404327292164,1.4051486379979714
1.7576188019314984,12.44858031400879,1.410756224145902
1.6857962609979538,12.448179565593573,1.4165382553936254
1.6138257275444405,12.449315054307743,1.4218267109146732
1.5409394016020124,12.452096606565814,1.4249246111013667
1.4671626251956558,12.456808914163124,1.4260434883357398
1.392482868793456,12.463213590489627,1.4255000979683032
1.3173644431610074,12.469926018302226,1.4243650418825196
1.2426063831903664,12.47583116816504,1.4238620344009432
1.1689697172743667,12.479786024251291,1.4250244325052543
1.0968025821832588,12.481350964725781,1.4281007648226218
1.0264808670906542,12.48079777783952,1.433627112884854
0.9573385098682232,12.478148089498767,1.4401142703805814
0.8893953703947273,12.474169592098761,1.4470854383643639
0.8221560327446857,12.469889927301857,1.4540359897168802
0.7555061755630152,12.465697250987787,1.4604480590978586
0.6891924063611219,12.461546572524771,1.4657280741625112
0.623269560542659,12.457276293758719,1.4699113959796435
0.5580483082254939,12.452708604889535,1.473273743246926
0.49411428491273357,12.447249164702768,1.47651413734184
0.4317186784230431,12.440697088719423,1.4799107292064226
0.37121199119063153,12.432851920267701,1.4836142440275726
0.3130065614676587,12.423819299129025,1.4877335945083985
0.25709527012024447,12.413951751164843,1.4921472676043734
0.20340561951283576,12.403315095891516,1.4969454707760246
0.15158326188699123,12.392443474153449,1.5011570475498948
0.10121866596670426,12.381579051510927,1.5049996570405462
0.05206885054533972,12.371212651691954,1.5080699543962597
0.004203735159474142,12.361136862263336,1.5103805507504529
-0.04259254206323382,12.351568595895063,1.5119718006430682
-0.08782942567051721,12.342127974402944,1.5129393782898752
-0.13132758280745804,12.332835002677918,1.5135939667265124
-0.1729393207723673,12.323164166990496,1.5143262788249947
-0.21266620976221562,12.312937936948305,1.5150854927984172
-0.25005281014578173,12.302316562702517,1.5157136228682502
-0.28526209371748257,12.291394064512358,1.5164432768103362
-0.3182478792533425,12.28016005354866,1.5171005691412551
-0.34918174542988023,12.269278923228923,1.5175837837703563
-0.3782588194329808,12.259062037250262,1.5177197218802316
-0.40578862756615863,12.249390914684433,1.517267345829059
-0.4318232028130158,12.239871435819769,1.5163030774313278
-0.4564026537710184,12.230670443606128,1.5146568718894295
-0.47931178984171874,12.221547092359543,1.5128173040701354
-0.5006269812950179,12.212687141080242,1.510406311788067
-0.5201021339547238,12.203922359462808,1.5081147569402065
-0.5377794649765926,12.195470976635008,1.5058483739390613
-0.5535476861774189,12.187010732390366,1.5037594498327698
-0.5669785778021983,12.177818329146401,1.502282846338221
-0.5778782663569233,12.166988963250432,1.5017646987148447
-0.5858292579884492,12.154778445005604,1.5030435235768875
-0.590673700812133,12.140887901796663,1.505955458792326
-0.5928708404667353,12.125952270785618,1.510302046592936
-0.5930531875453371,12.11057295282426,1.5152668897201025
-0.5921412060202709,12.095880356038249,1.519581904023159
-0.590812845712305,12.08277084936557,1.5225179355988807
-0.5891435203618895,12.071569344397771,1.5237840379222058
-0.5873303299910493,12.062111831264758,1.5234406754196614
-0.5845504863321263,12.054750415140845,1.5223021555414569
-0.5807372791483623,12.048642569088775,1.520625201431928
-0.5755791761898696,12.043139232685824,1.518686641727876
-0.569048215290646,12.038125953892484,1.516503877014129
-0.5612263493053711,12.033277516609921,1.5143452800763075
-0.5519875614647034,12.028442247553876,1.5120826626763977
-0.5416499785603246,12.023628944928895,1.510023583264533
-0.5300865945532991,12.018446757325634,1.5083237511946228
-0.51740302944339,12.013016095382504,1.5072682402907196
-0.5034892698621048,12.00719709216892,1.5071962736110978
-0.48866060781430165,12.0010255773005,1.50799080284607
-0.4727601025727608,11.994728016245421,1.5097765823308693
-0.4556946527744772,11.988464721527052,1.5122520631672653
-0.4374994333195851,11.982246285149515,1.5153007018250593
-0.4182405674712235,11.976362025777693,1.5185923046802552
-0.39789683575430435,11.970906014476247,1.5218791725453533
-0.3766606746548308,11.966059730489444,1.5249853062286869
-0.3546481844898889,11.96177529743892,1.5279095930345568
-0.33227900584682835,11.957827741062243,1.530782837376436
-0.30930262644462647,11.95421623083221,1.53346726700976
-0.28548037123710035,11.950787143595232,1.5363258585151573
-0.2608608340298566,11.947291514721414,1.5396800321303115
-0.23512373852462365,11.94361593730591,1.5434015455562466
-0.20830700845422678,11.939635164097606,1.5475801770491655
-0.18061102842869203,11.935830258935832,1.5519241031110331
-0.15191270232606024,11.93220062678584,1.5563419344661273
-0.12266767218781138,11.928771828220079,1.5609043333339168
-0.09286568461774958,11.925868006854287,1.56530936795187
-0.06231755144829432,11.923395150861676,1.569788674864645
-0.031101702767637907,11.921680733772654,1.5741220594937326
0.0007183824453184107,11.92019079818872,1.5784720753892678
0.03314788243297562,11.91889541541109,1.5826891436124306
0.06652064594516804,11.918176463193122,1.5865641840769618
0.10080375023454202,11.917852133274728,1.5904967825428278
0.13590941808801316,11.91772888392232,1.594568008938781
0.1716770827488845,11.917656168807667,1.598778213262765
0.20787836753719668,11.917490848223492,1.6031836085643025
0.24427424241970186,11.91703897116796,1.607292135011667
0.2811112700089623,11.916370992457033,1.611224496872909
0.31863172146648333,11.91486675265921,1.6154628500534063
0.35699484145799676,11.913220062306412,1.6198100339420272
0.3960968837915547,11.911541960946117,1.6245258469470185
0.43584912742478954,11.90978734817731,1.6292544775869162
0.4758987609838917,11.908152783352563,1.6338496618642644
0.5164452108701508,11.906812979772965,1.6380965163321406
0.5574288559899994,11.905605008186095,1.6420112809195073
0.5989923399494359,11.904343436903027,1.645755652203139
0.6417039810435141,11.902584989495498,1.65004501566664
0.6854165567432713,11.899713474786477,1.6548961668641509
0.7305140590995496,11.896038474469888,1.6605776479610777
0.7767301656943275,11.891304234036038,1.667328901985666
0.8241568572570765,11.885446461054473,1.6748306426970272
0.872519343468789,11.878961864290961,1.683137636180005
0.921543539126751,11.871832065793903,1.6916829355725014
0.9709762858310252,11.864654737560397,1.700108836393179
1.020696275389247,11.85774255052533,1.7079771784800064
1.0705317695469023,11.850887711516531,1.714978943506706
1.1207174410517151,11.84455239270064,1.721521186655484
1.171311258400136,11.838329357648892,1.7277283740028269
1.222432500541761,11.831911897034072,1.7335921847352873
1.2740204842525111,11.82560894749745,1.7392427413958806
1.3258339859952204,11.81930603427473,1.744800455768729
1.378211778646088,11.81268383659643,1.7501414508708946
1.431055162981328,11.805472783640642,1.7557849864656498
1.4844344375379226,11.79767695954305,1.7620790806703148
1.5385997707939303,11.788864658565947,1.7690770427807099
1.5934519964891647,11.77919135737909,1.7767390100157883
1.6490975996879509,11.768890822619479,1.7847883821471369
1.7053663731027173,11.758506440903945,1.7925942496614118
1.7623098475156145,11.748109845197252,1.800038447403395
1.8195610932603057,11.737515211178861,1.8069319777990804
1.8771975460638501,11.726686927485861,1.8137686256152525
1.935389936583825,11.715467747890365,1.820239987950253
1.9938524243557283,11.703688680329973,1.8270935436765763
2.0527696642717457,11.691596211263935,1.8341461431206039
2.1122393070911762,11.679189910925981,1.84093870058767
2.1723525765101064,11.666977079199691,1.8473754970203018
2.233327270873485,11.65437522410016,1.853379738196037
2.295045093275401,11.641438858252064,1.859307672564369
2.357088079993224,11.627707412140223,1.865740665904017
2.419685789059736,11.612961064895305,1.8725918732974325
2.4822808198816495,11.597001166896778,1.8806239770490913
2.544614021805199,11.58026925627892,1.8894388228677226
2.60679817059612,11.562576723069405,1.8986473563355917
2.6690133160598366,11.544643950925613,1.9076010731476662
2.7309893943151216,11.526330036419841,1.9166990981759273
2.793061401936706,11.507479337523861,1.9256662869977204
2.8551958110258946,11.487904851835676,1.934899790934848
2.917095402803293,11.467527606893444,1.9450151666216753
2.9789066455245194,11.446584886646825,1.955554000064276
3.0406663287914695,11.424657176665585,1.9673948887603077
3.1024951322462666,11.402049838864759,1.9797548699820302
3.164414911843342,11.379149899280549,1.9923077993753138
3.2262093742694224,11.35627696244492,2.0049734537998054
3.2877237536117483,11.333508626362228,2.017022952800514
3.3491549442224926,11.311280763475816,2.0279878238809124
3.4101808615479188,11.289409386140257,2.0386727783812333
3.4708105257336817,11.268254116758614,2.048447403033977
3.5311976320160205,11.246892082639562,2.0582903374911616
3.5912685714425114,11.225362791558844,2.06835072518167
3.651045779990471,11.203664104499712,2.0784572779977726
3.710457244893159,11.181508184503931,2.088763482515895
3.7695336206281063,11.15903317705362,2.099071438399246
3.828078039292357,11.136517653838556,2.1092356690713165
3.886237693449881,11.113619398670007,2.119494564184122
3.9438637972442736,11.090767117883946,2.1295798474294587
4.001053201600509,11.068012181287724,2.1395823988230456
4.057748286588205,11.04561767687579,2.1491995695871413
4.114086902121111,11.023687810457512,2.158460145229175
4.1699678105242715,11.002125740338263,2.1671400983743325
4.225509675503748,10.980894608450997,2.175527938100144
4.280571871934221,10.959888672848145,2.183415209960855
4.335061149894605,10.938845322522113,2.191235583260009
4.388870461513216,10.917612319039357,2.1990954562061615
4.442161237243516,10.89638030727694,2.207203505569572
4.494803620800934,10.875526620110527,2.2148965265352007
4.546862732187044,10.854849767452249,2.222740178387439
4.598340447447195,10.834396154189198,2.230119887980414
4.649011788002975,10.814267612297481,2.236961032669041
4.699197907474132,10.794453079544889,2.2435332671081225
4.748782307484608,10.774846513255156,2.2494819958251826
4.797738393294162,10.755453615656947,2.255014742518603
4.846156950175301,10.736131275043299,2.260426773031745
4.893874305762529,10.717158684454981,2.265343236316773
4.940960771836237,10.698170700837187,2.2703385553911417
4.987335002394859,10.679545695756854,2.27472215681762
5.0330220542363335,10.66166038559146,2.2782613466680433
5.078101763472544,10.644591083403835,2.2813212357970105
5.1226776700208445,10.628515842086879,2.2834800692388786
5.166786344577206,10.613363262444864,2.2848574318361825
5.210205461069093,10.598973124988174,2.285841106974444
5.25319924086704,10.585558310181021,2.2864215263383647
5.295600363011237,10.573049175096125,2.286732319644484
5.337133371057028,10.561282311254455,2.2868211383789987
5.377860702219078,10.550307821805962,2.286317475722983
5.4177594944774325,10.540333349587359,2.2855550098513557
5.456794222575697,10.530830245395261,2.284710995159612
5.495021720326562,10.522028089658841,2.2834649548280224
5.532416966866208,10.513858175175983,2.281892840121561
5.5692751474270725,10.506485751258893,2.279861433768674
5.605412573048544,10.49993963835258,2.277228995186719
5.640980956022546,10.49436941058851,2.273994625439924
5.675881175353805,10.489644413605888,2.2702580037683733
5.710124540233337,10.485748285046128,2.2657177778953574
5.743547982661989,10.482809619289956,2.260468194780759
5.776364269497791,10.48071498935498,2.254539074328311
5.808228341121584,10.479204050563297,2.248075707735145
5.839303829415007,10.47848355581079,2.2407921347498823
5.869561825024557,10.478659428175618,2.2329365720674836
5.899184144883921,10.479586685438422,2.224449032767147
5.928044972864103,10.480984378850035,2.2156662939450005
5.95616589145065,10.482723881803832,2.2064322594932824
5.983615059395614,10.485304078558515,2.1969658787252717
6.010327295467388,10.487965963115954,2.1872370235604643
6.0361956599297955,10.491074521724531,2.177066372175447
6.061581527294242,10.494458411846608,2.166465992035093
6.086385319798691,10.498241214519481,2.1552472275033114
6.110422250390442,10.499152232922771,2.1456257489010984
6.133201217802788,10.49530309627971,2.1392058070857267
6.161879755463218,10.48745906200859,2.1652490532773436
6.195522948551721,10.476791931075274,2.2165153327787026
6.234096565095439,10.466160162318522,2.2900105070362775
6.274701094827308,10.45993946643291,2.3677049840993547
6.312573064883044,10.458198320042882,2.429163713738423
6.344233671865743,10.460873734161844,2.4631885895877907
6.36948674464988,10.467314662098783,2.4719328596783505
6.389056037835837,10.473650874349968,2.4551499177781153
6.404746582334586,10.48334361306267,2.436666660074404
6.42090688804687,10.493039020996527,2.4165007645793715
6.437164522802605,10.499711203809667,2.397384028057558
