x,y,z
3.659363608911262,26.755361830511767,-31.82815435648375
3.6650991485715454,26.754666818606047,-31.804668039609457
3.6592047504214356,26.753708195841302,-31.80462011893505
3.654278640207308,26.75254519894614,-31.793125263826166
3.6507115284107217,26.75152272725644,-31.78252474726939
3.6467301176769986,26.750630224324425,-31.77240191312664
3.6430046553326902,26.749894445105667,-31.762440307260167
3.6394624191829,26.749252147546652,-31.75331603337146
3.6360969710361712,26.748886201783193,-31.745137278993173
3.6328472604112156,26.748502866941276,-31.738232126122238
3.6297219914017274,26.748376868050997,-31.73141884014281
3.6264634107463642,26.748298049378597,-31.72441285645702
3.623350852459885,26.748269770414907,-31.717342777399153
3.6200737897777984,26.74839374490083,-31.709711599538775
3.6168461661990654,26.74854482941521,-31.70199109663538
3.6135570040211795,26.748565165713472,-31.693808698747354
3.610199943057071,26.74852760248692,-31.685178290311026
3.6067625600141793,26.748406148621264,-31.67649585583697
3.603345449175869,26.7481652809477,-31.667902858434093
3.5997215667239377,26.74774792174785,-31.65915774063553
3.5959609339270755,26.747343494841097,-31.650546582029055
3.592061517392519,26.746878983842574,-31.641738566725643
3.5881076651859516,26.746349038207196,-31.63196591074165
3.5840967056764,26.74584319770003,-31.62162853229786
3.579885802566058,26.745277245842797,-31.61001915876471
3.5754635287448586,26.744709791271088,-31.59743277735231
3.5707831052264014,26.74419095277344,-31.584165627213107
3.5658749616727943,26.743779542896384,-31.570574377443442
3.560594137387563,26.743497945753212,-31.557008518451415
3.5549853648238687,26.743469053501002,-31.543669216940213
3.549248948828269,26.74357842217557,-31.52967345603874
3.5432705939106803,26.74371165588268,-31.5151793264126
3.5370552124358836,26.74389249070852,-31.49955688115222
3.530675268882967,26.743942862839454,-31.482819540949638
3.5239416417905387,26.743895340152964,-31.46541953213112
3.516672132308646,26.743937429130053,-31.447412137796924
3.508891788324658,26.74404655671492,-31.429153795710775
3.500852194620413,26.743982390879317,-31.41043736722277
3.4925446731508747,26.743836545581647,-31.391484367779608
3.4837163482057436,26.743326386827796,-31.37193740234131
3.4747042845559455,26.742545156309003,-31.35114756868839
3.465482812156563,26.741373970389812,-31.329175137545548
3.456206770125373,26.739706318925727,-31.30612671688425
3.4466976337212403,26.737744279172496,-31.281718988771946
3.436888329206988,26.735257154952844,-31.25636292347782
3.4271136092485195,26.73233360309754,-31.230445346008626
3.41706016996771,26.72915854340686,-31.204093724690093
3.406685672506574,26.725692527333795,-31.177766382759238
3.3959114026710293,26.722181803727743,-31.151353180205305
3.384985648005426,26.718643495747436,-31.12433751588604
3.3737520808135746,26.715024490338248,-31.096822309963002
3.362361032532982,26.711460143921656,-31.068062869976366
3.350491847727902,26.70796700620461,-31.03837033135789
3.338534823298346,26.70453076866729,-31.007834716280094
3.326205393266478,26.701117350787925,-30.976719936790627
3.3137004179092604,26.69748845731602,-30.9454363156978
3.300680770238278,26.693744626280814,-30.914249062687073
3.2876071131933067,26.689645694229966,-30.88261271775628
3.274420405316245,26.68533010077437,-30.850435843118433
3.2611933569455838,26.680503818279607,-30.817239064830815
3.247863740682257,26.675284897393627,-30.783089232171978
3.234625071332964,26.669624224700193,-30.74770583028076
3.2215915595843194,26.66343018445689,-30.71170998088525
3.208539943781723,26.656806345573383,-30.67492748815461
3.1952191619132573,26.650074688669438,-30.637712495987824
3.1822702039115915,26.643379882657207,-30.599865206980166
3.1693914690040903,26.63687130331443,-30.56136749349464
3.156947269923469,26.630356223925222,-30.52207484037796
3.1453558885047936,26.623990836167287,-30.481838207364223
3.1345427248997555,26.61765721917353,-30.439893055375883
3.124729969731139,26.61143071572124,-30.396904272080967
3.1160719493218076,26.60542403463581,-30.35322082977494
3.1082110702815116,26.599842113715795,-30.30916192569021
3.101558752732884,26.59489217013879,-30.264993450139453
3.096625572210831,26.590259313820866,-30.220432152902575
3.093443267844484,26.586071419758955,-30.17521539903582
3.0923077908607293,26.58211687681099,-30.12913951398678
3.0935344058258565,26.578459543335505,-30.081644398246233
3.096729956589585,26.575080728199485,-30.033017370152027
3.1021123068777934,26.5718818254183,-29.984007936929267
3.109299864782201,26.568947208297818,-29.93473805629064
3.1184056691493613,26.566018165858576,-29.885102567377494
3.1295932987284343,26.563013850639397,-29.834743896391977
3.142845880100565,26.55971913903639,-29.78357086005005
3.158424984498993,26.55650559829797,-29.73166037541418
3.176337631389782,26.553397561349207,-29.67898873956293
3.1968562342269053,26.55077898862741,-29.62560723122735
3.220044927986065,26.548553374067794,-29.571607403168844
3.246234694919351,26.54685518277995,-29.517205985783036
3.275556746498494,26.54541089837622,-29.462893684322587
3.30820933715633,26.54412031818914,-29.4083522805965
3.344298727393949,26.54329495572616,-29.35396265011655
3.383669649794,26.542929210595837,-29.30006243589621
3.4263029492289307,26.543181161482423,-29.2462853425617
3.472067617386045,26.544170663637043,-29.19297945133029
3.5206469056154033,26.54559837765706,-29.13964190723403
3.5720838155673817,26.5474435523287,-29.086538514062376
3.626351386407143,26.549084921416235,-29.033242301943698
3.683460874098243,26.550516768102938,-28.979497504993038
3.7434454157763066,26.55170858638123,-28.925248545622456
3.806134974477074,26.552301320174102,-28.870535089883592
3.871688919866023,26.55205894274961,-28.81529473845326
3.9399428190438304,26.55078360615309,-28.760009425916326
4.0107492695408515,26.548747244764378,-28.70443702249927
4.084086476986286,26.54572721526448,-28.648685318393856
4.159352798745996,26.54193438883599,-28.592471377114347
4.236548801558277,26.537557849819965,-28.535230948428012
4.315606077217404,26.53236754753878,-28.477013102820223
4.396789131741277,26.52599963413097,-28.417955071859883
4.480766435065179,26.51810720310027,-28.357649443839048
4.56766196926547,26.508747257954756,-28.296872723264592
4.658065496625807,26.498192807146808,-28.23546843910308
4.751868954941345,26.48639290501837,-28.17371076809609
4.848817425374627,26.47362377229418,-28.111598987715304
4.948882887420303,26.459833631437863,-28.049169915427484
5.051928142271252,26.445040557505422,-27.98584414602746
5.157643789581194,26.42936548606925,-27.921452481397527
5.266253754263294,26.412783134736006,-27.855773589075675
5.377489480700267,26.39528519389771,-27.789018214733318
5.491387917275506,26.377079399882643,-27.72145799924651
5.60797712639953,26.35817327819605,-27.653331032752966
5.727282360488795,26.338769695184975,-27.5846334581161
5.849657156182675,26.319104462576725,-27.515151203643104
5.9748011726539865,26.299823663982984,-27.444436387807386
6.10294464897162,26.281466355932892,-27.372334046328586
6.234385802881639,26.264880828096654,-27.298372843420545
6.36905330123166,26.250765725775207,-27.222589595766696
6.507323197587153,26.239322774152303,-27.145191027368636
6.649377205206129,26.230290861835535,-27.065876512544058
6.79482730103476,26.223311867372875,-26.984407691341218
6.944097400148691,26.218221780921905,-26.900179526332124
7.09658179263383,26.215409924194876,-26.813014820326966
7.251804094393815,26.215169010696126,-26.722281601807705
7.409614303334027,26.218371149271817,-26.628251581423115
7.569490209339652,26.225241565061253,-26.531226938703497
7.73051999288849,26.236156744202138,-26.432246665210904
7.891906766487445,26.251206166471437,-26.332330604277974
8.052451966299369,26.270533479623147,-26.232074301304362
8.211949257953638,26.293636446267666,-26.131637476822604
8.369567587517826,26.319533296829032,-26.031995418310185
8.525064038980775,26.347055341097146,-25.932634372254707
8.678023179895124,26.374794340468803,-25.83424865103454
8.828149293129412,26.401509580298683,-25.737158748378363
8.97506159891907,26.426751337228005,-25.64121828487677
9.11843929737813,26.45044475566319,-25.546827563078327
9.258112030863323,26.47285528356327,-25.45348698895341
9.393955722481852,26.493815891185807,-25.361098933663662
9.52627814355576,26.513311353202702,-25.269369841535507
9.655228731196734,26.531231904137766,-25.178043331001206
9.78078343232719,26.547455707372613,-25.08675751655547
9.903101174699069,26.56185816314482,-24.99554266278144
10.022188056167378,26.574524099780344,-24.904011309370578
10.138191119470815,26.58489713379535,-24.812736444176398
10.250842101494388,26.593111249699923,-24.7210879765696
10.360242548228594,26.598748593809425,-24.629183879739003
10.466553733721868,26.602048041620083,-24.53649096578513
10.569930677625546,26.60299974466383,-24.44266327324822
10.670299747185073,26.602168971947485,-24.347361588626157
10.76807668424095,26.59978274635212,-24.25038766060303
10.863131613874257,26.595622845473983,-24.151402499708144
10.955583055297959,26.589942844200596,-24.0504148427348
11.045213845032535,26.582324873315898,-23.947226463938506
11.13224107926597,26.57280099893745,-23.841639806546972
11.216566772285113,26.561235587830613,-23.733675801151918
11.29864539028728,26.54790827508791,-23.62324197474083
11.378131104360794,26.533272018221446,-23.509899526231905
11.455542410905938,26.517720056386665,-23.394199911716875
11.530767386304749,26.501878197027114,-23.27567276875051
11.603981341474082,26.48606195265879,-23.154492229505244
11.675125742531145,26.470840357793694,-23.030730871726533
11.744432648840732,26.45626845198204,-22.904702220144582
11.811707144414758,26.44215385746078,-22.776211069155913
11.877330612422043,26.428532805759996,-22.64541142630439
11.941264124464764,26.414905188056224,-22.512273511910184
12.003915859417761,26.401073900791292,-22.377190923058684
12.064969286711833,26.387658981123593,-22.23954156591276
12.124718611454032,26.374484388904875,-22.099544774252962
12.183158338340819,26.362252121603838,-21.95646304542102
12.240399051997025,26.35095190544277,-21.81120999209243
12.296456657443073,26.340448492941402,-21.66383893463416
12.351467734157714,26.330920573699725,-21.514888643436482
12.405337716226827,26.322279318142396,-21.364365940119843
12.4580733819708,26.314265391124536,-21.21223877499226
12.509607983570007,26.306969894823148,-21.057855552991917
12.559926424671115,26.300011273614057,-20.90163906341925
12.609624838911285,26.29257512374933,-20.74319035517124
12.658413752044659,26.2844117059741,-20.583321779212728
12.706529581650333,26.274567272270342,-20.422089887426665
12.753959017202778,26.263001902325882,-20.259850626095265
12.800575086605853,26.249727750592434,-20.096173460895642
12.846426140944603,26.235300947895745,-19.93080861796352
12.89165556657146,26.220683788665784,-19.763326135777888
12.936376008818636,26.206256300193044,-19.59494820604694
12.980834634082695,26.192874668547937,-19.425237858739127
13.024978992030967,26.18207868174499,-19.254072946415373
13.06894779463799,26.174067332716596,-19.081525765315853
13.113054886547623,26.168373808880226,-18.907633330146265
13.156786207636864,26.165631933000803,-18.73186125243535
13.200180638092435,26.165243350477898,-18.553848561806415
13.24323382883378,26.16665772654855,-18.373539434104178
13.286602321221507,26.168749245065154,-18.190878185439043
13.330845321369887,26.17030557925615,-18.006112990781705
13.375546882166844,26.171181311852024,-17.81910076860252
13.4208606083384,26.171604545493942,-17.630336146017353
13.467274713002888,26.17215038934182,-17.440991613834903
13.513767398820903,26.17443160573528,-17.251843372880916
13.560359165410949,26.179304915453194,-17.063521058932015
13.607275613328314,26.18696141617926,-16.876930541435254
13.654435981142097,26.196825946740894,-16.69221967820402
13.702168474867092,26.20812830652982,-16.50942812311833
13.750140499588523,26.22043789807863,-16.32842916143187
13.798732121821223,26.232649289126,-16.149058367932387
13.848538074419398,26.243901895965145,-15.971021370535475
13.899388123224963,26.25355047537011,-15.79438975119141
13.952079958060306,26.26037837429868,-15.619036425389307
14.007486518581354,26.263984634188265,-15.445824032250522
14.065879443179425,26.26390191605305,-15.274932631216544
14.127790783610175,26.2601835589702,-15.106838715426436
14.193438822370007,26.253056413776047,-14.941218715386182
14.26291863232348,26.24264459704366,-14.778273537353314
14.335948682738083,26.22897809025473,-14.61725519937131
14.411737412026195,26.211550558965246,-14.457771047702469
14.489714524263604,26.190123123567346,-14.299077466491743
14.569607872357459,26.16446079195218,-14.141479264829744
14.650796877261765,26.13426881454085,-13.984192166725174
14.733440330857201,26.10023217499184,-13.826794291593844
14.81736681260529,26.063597904925988,-13.669100727370495
14.902574742560235,26.02542323289982,-13.510937506668837
14.988968064162254,25.987348501097543,-13.35278684354165
15.076442528616015,25.95105919807,-13.19461951703598
15.164561610458378,25.918081542766135,-13.03627032591166
15.253011534525605,25.888903081054657,-12.877876673190084
15.341158058691938,25.863302055313856,-12.719580820809313
15.429392300551493,25.84068798807726,-12.56107656324963
15.517433583500303,25.820784110761974,-12.402851135976592
15.605207944412456,25.802647054382984,-12.244722039491545
15.692436722569175,25.785977987864015,-12.087023805762726
15.778838304020294,25.77076051633303,-11.930333006104876
15.863920224055784,25.756857318295552,-11.774165975076139
15.947779779580854,25.744059060513223,-11.617974812738373
16.030036838316153,25.732298414411037,-11.462366657158695
16.11056023516414,25.721334524294484,-11.306715260890623
16.189884178301075,25.7100543592721,-11.150422564745131
16.26798052950016,25.69740383327112,-10.993734421493729
16.34441641078114,25.682393761666308,-10.836252532943982
16.419244900781315,25.66394026062041,-10.677891688823351
16.492503521783316,25.642167392781865,-10.519220333395914
16.564207325791354,25.61717173410724,-10.359213674178733
16.634397162219457,25.590106675462838,-10.198296586005823
16.703068749369187,25.562538283184466,-10.03657164746815
16.770523224663627,25.53501970447303,-9.873691179456822
16.837092082567906,25.50813913053839,-9.709837333338346
16.90275974675447,25.482344090461705,-9.54492412417149
16.967604753322103,25.45829239365364,-9.378597558750172
17.03227142400404,25.437146942977794,-9.211083971892375
17.09742443156251,25.420283399844962,-9.0413802505106
17.16431797518319,25.40819209888416,-8.869031364151645
17.233620907588815,25.401074606498106,-8.693517538362002
17.30615421115003,25.39870486087869,-8.515415030968526
17.3822553427421,25.399790937130074,-8.334654416380813
17.46145699936305,25.40347047860037,-8.151357014170852
17.543326074233388,25.408662807210092,-7.965427491613785
17.627365899588185,25.41420250617125,-7.777237157805091
17.712916936541447,25.41963538829277,-7.586293217148504
17.799090315474263,25.424684812970604,-7.392455317892186
17.884931938446957,25.42970956146472,-7.195653900696282
17.969525737644375,25.43681255221791,-6.996177233992407
18.051878523719243,25.44749451696641,-6.7942906134594265
18.130853308098555,25.462309941038416,-6.589719842602307
18.20621611786379,25.481397515940557,-6.382414463356982
18.277682774493588,25.503348509917988,-6.172937128017374
18.34506912060844,25.526634342680175,-5.961412752830091
18.407707232455202,25.549621367346585,-5.74850881050428
18.464782642157942,25.571212914620226,-5.534564118173154
18.51562596905089,25.59047740716422,-5.3203045531851
18.559664648620664,25.60766586928054,-5.106177076347411
18.596189062287092,25.622759556021364,-4.892319073202241
18.625229466350078,25.636195519252098,-4.679034903667242
18.64686405022986,25.64777401342292,-4.466736327107446
18.661767944070522,25.657586064027427,-4.255288128990495
18.670580621411904,25.665329994576968,-4.0452884924156995
18.673667446279588,25.67116960491409,-3.836776498968522
18.67176609546901,25.674831177066835,-3.6302538780602207
18.66503551589904,25.676205047110642,-3.4261138543876073
18.65378983556765,25.675497898051052,-3.2247686081971416
18.638199056944014,25.673050236607324,-3.026469061115198
18.61860680466232,25.669195230854616,-2.831231662086155
18.595075515220113,25.664037831748004,-2.6386583122446443
18.56781686024651,25.65829957421995,-2.448800073973731
18.536705793934043,25.652573059629002,-2.261626672768821
18.502209036750994,25.647360116224238,-2.077142652401366
18.464118862912454,25.64320111098332,-1.895728545289224
18.422830275460413,25.640520378497058,-1.7173387467808061
18.378458483299426,25.63980512663784,-1.541828722374868
18.330987565332713,25.640991915449348,-1.3690958239736897
18.28054410039917,25.64433478009082,-1.1994627354927885
18.226833422732735,25.650132073961622,-1.0327508671045942
18.169873919164683,25.65811953592615,-0.8693266130191661
18.109421709014484,25.66874320559524,-0.7089991641231606
18.045558402503225,25.68117703588817,-0.5517063080195528
17.978150250716865,25.69476210933311,-0.3971202148808992
17.90707377067041,25.708746216984274,-0.24513228265045406
17.83247264355576,25.722256676539708,-0.09574311758212972
17.75443530075175,25.73477888291587,0.05112090988569207
17.672581657047296,25.74606701232235,0.19567814858996524
17.587154069855362,25.75510418487845,0.3378433295381347
17.49793596146764,25.762004108505085,0.47800262475413025
17.40495885301666,25.76623803173426,0.6158164266479421
17.308272010604597,25.768188719567068,0.7511465696670373
17.207707265616442,25.768152291704798,0.8845572705599057
17.103398622511676,25.767406076751005,1.0160244936146139
16.99660239208115,25.771162205559552,1.1475624498304062
16.886023158428475,25.775704762919396,1.2777896215572186
16.77193617373238,25.780534320103808,1.4068580495399223
16.654316034363738,25.78559096284554,1.5351217999082567
16.532819932597526,25.790711296767505,1.662770905972117
16.40844944661405,25.79984881340165,1.7912361387699405
16.280194068609884,25.80848815904512,1.919525401814022
16.14758605185341,25.816593273156816,2.046205878433965
16.010538748845864,25.824257808729833,2.172833868602887
15.869264819417527,25.83289742495386,2.300359029066293
15.723777412207758,25.843657503111213,2.4299123350772613
15.574946900235984,25.856078633351707,2.5623985553894673
15.423300577742033,25.869975014486624,2.697700399361153
15.268823297321823,25.884472634879398,2.835264105036168
15.11198025153799,25.899304749026197,2.9746704802574655
14.95300552774234,25.914446052653055,3.1135673054264923
14.792220673410982,25.92965225273481,3.252003386343088
14.63069953611799,25.94467691374594,3.3895861857792653
14.469220493876005,25.959413385802094,3.5262281588267843
14.309090109870981,25.973893742593926,3.661149328312053
14.151513605904963,25.987824612452254,3.7941410636253527
13.996405381428687,26.00095735484776,3.925159017272955
13.844179679112052,26.01300133947383,4.054388193787478
13.695478841830363,26.02353801233579,4.181454388029316
13.550727388551584,26.03268802948447,4.306561688348086
13.410474742074443,26.040242272772204,4.429649724170467
13.275092622095638,26.04631556807668,4.5509945928378945
13.1445770046526,26.05064421778923,4.670961133410286
13.019324877077048,26.054532591746415,4.790019654568489
12.899231048711934,26.057504621946038,4.908356564447124
12.784023247448541,26.060169633604314,5.026354164631277
12.674518241338992,26.06224326641812,5.144104325547243
12.570383689828587,26.06355265454005,5.261439434858524
12.471675466842056,26.06343329974964,5.37901965665329
12.378377544213228,26.061872434792594,5.497373698433603
12.290345315702925,26.058246881743223,5.6166209508351495
12.20708382725032,26.053248134614453,5.737387646749941
12.127760607186076,26.048138779966244,5.856992628044607
12.051914143055614,26.04313632698021,5.97517291609809
11.979196797009811,26.038256077119566,6.091416126319659
11.909387374557355,26.033470934827264,6.2055163542801735
11.842719509574676,26.02855802612286,6.318979155256579
11.779145970297646,26.02277041156349,6.432921236438738
11.718564339179819,26.016347442288225,6.54789009486106
11.661149562066049,26.00927195997026,6.665157771974473
11.605827538379362,26.00254185744795,6.783155107128701
11.55251665954794,25.996480479461283,6.902026927541962
11.501132912577807,25.99105609536806,7.022141327373892
11.45135869882991,25.986285506380725,7.143485768346024
11.403296785409307,25.982084902536737,7.266029358228829
11.356674401973024,25.97815038773956,7.390052597086426
11.311701014374295,25.974733774019153,7.515443012681825
11.268128516404538,25.970750069140557,7.642861596795671
11.225921865780759,25.965524021786447,7.772224148813455
11.185599704301948,25.95976980243487,7.9032456986858985
11.147020107332358,25.953417519526166,8.035675714696781
11.110275533791675,25.9479508062117,8.168568394405012
11.075388240328415,25.944606442528332,8.301631777715464
11.042043699284566,25.94239385249766,8.435110273195065
11.010416127287032,25.941677661141146,8.569207833246221
10.980203419459047,25.937383425638018,8.705324821560321
10.95123865967015,25.927322392101456,8.84399025683858
10.923684295889219,25.913161094333713,8.984974808412929
10.897493577606742,25.89480367624228,9.128462776089016
10.872964598815354,25.871677870737738,9.275357706353743
10.850081074768775,25.843628324164857,9.425395681936273
10.829123345768153,25.810786394573995,9.578957349358348
10.810073801745993,25.772578462390562,9.735655759978583
10.792965321042068,25.72920607905255,9.895259274921829
10.77785814857783,25.680630471166396,10.0569359748837
10.764901039639891,25.62666447492766,10.22049226269088
10.754219973974383,25.56796991306012,10.385004742287258
10.746246115298845,25.504180549155077,10.552125030245717
10.741233664078674,25.435765302640313,10.72158538677962
10.739045813787321,25.363428587057772,10.893924843159951
10.739336727105306,25.289801805875495,11.06830028574444
10.741080414895611,25.21656191523376,11.244940376144438
10.744063065081217,25.145428842595155,11.423682771983643
10.748006279194092,25.077066692334743,11.604604298913221
10.752828845035241,25.010771177316663,11.788081010798138
10.758858468423586,24.945119390018945,11.9751403016393
10.766195780067621,24.877362663214925,12.16608129215635
10.774820853803718,24.805230527981653,12.361733443210225
10.783967183298945,24.72875742456748,12.561232159499992
10.79337076359694,24.64835889959658,12.763862481399123
10.803006275788029,24.565287190709864,12.968214139544148
10.812990426036048,24.480835948329574,13.17279280635136
10.82308616600996,24.395832701851123,13.376655196873244
10.832570252592022,24.311447525957554,13.579031543788386
10.839718733843755,24.228188283762137,13.780474006375274
10.843875251457323,24.145871580286308,13.980323967027305
10.844342148036677,24.06484158594041,14.177857508934075
10.841128347721341,23.984368710916396,14.372388360089527
10.835573403206448,23.904410465525316,14.562191680102178
10.828084267174868,23.825461150358166,14.746108513416846
10.818871431770004,23.74674713325307,14.92391849788433
10.808160113548304,23.668510516919834,15.09592470319628
10.795052674313942,23.59049161723433,15.262429182928615
10.779170284228183,23.513083532190155,15.424606531718513
10.760853325137289,23.436922149404392,15.583137826478954
10.739947132399898,23.36177390089645,15.738572586979169
10.716646333275358,23.28828141673261,15.89137652144838
10.691132001341796,23.21642791260536,16.041838926243564
10.663934198960154,23.14569251648849,16.18990045677023
10.6353590721345,23.075744633056136,16.335965011295386
10.605325498992597,23.006458926108024,16.478939102856955
10.574051097695413,22.937527032693822,16.618961491195634
10.540995635130589,22.869991456301925,16.756027498036044
10.506243962129561,22.802800954749912,16.89008004133315
10.469802794571592,22.736504525804627,17.02090497518936
10.432224120780253,22.670198733430407,17.1491225754092
10.394208616388548,22.603398700609254,17.275105727679122
10.356419003643563,22.53526195131188,17.398822977273458
10.319143763376507,22.466309548473735,17.52090559604366
10.282485306642563,22.395493705072724,17.641360406101203
10.246754487848865,22.32335084088661,17.760348301249376
10.211937127848437,22.24981236369545,17.878039179744682
10.177646984775697,22.175464356484873,17.994425650423267
10.144110521990415,22.100290758125425,18.109636720607
10.110896918823546,22.02471103597555,18.223736267416896
10.078267513895776,21.94915080120794,18.336689851581507
10.046144928251314,21.87446477309134,18.448946741348646
10.01459396030151,21.79977203375675,18.560691920301558
9.983604399198017,21.725009612714082,18.67220412248401
9.953258029688058,21.649701543413027,18.78350778910989
9.923705615319408,21.574200187603257,18.895001385372197
9.894627737313426,21.498611368537002,19.006592557427698
9.865837702664658,21.42245014157621,19.11806056906483
9.837350392941863,21.34576278911088,19.229297849639675
9.80863294419134,21.26884513551476,19.34055937838812
9.77950936816283,21.191853475505773,19.451640715895113
9.749034506731466,21.11504483699027,19.562944464257733
9.717325096335784,21.03951849547924,19.674524629500098
9.68401875416983,20.965677448811157,19.786634092659146
9.648961185301484,20.893216546693044,19.898883318774608
9.611789602384883,20.82126509508402,20.011007481288292
9.573511200535602,20.748443302855684,20.12217085714395
9.533423133818085,20.674532250020206,20.23246018980892
9.491578419499373,20.599074255921902,20.34156678270311
9.448294604328682,20.52340634429804,20.44968677538052
9.403635430567228,20.449241081236202,20.556837075965408
9.358181952395363,20.378047656178662,20.662868687563304
9.312764417613298,20.31173225689237,20.767492578761406
9.267612762562393,20.25160229207822,20.870185315577974
9.223940140575172,20.198100818847806,20.970537229245885
9.181110489376785,20.152284898688166,21.06810346586574
9.138808778972468,20.113763998592066,21.16285598677813
9.09624959856224,20.082988912399454,21.254706685217354
9.052679799746265,20.05951584727355,21.343538303259496
9.006935821826941,20.042434455314563,21.429530803565285
8.958978628559152,20.030913230248093,21.51281951611261
8.908531279110507,20.024136397678415,21.593257756892353
8.855034643819756,20.021509371113606,21.672907549789922
8.800180146388094,20.022011478505437,21.751797328894373
8.744575947429842,20.024859844361455,21.829751224839306
8.68901088020956,20.02989585213405,21.906689350208826
8.634431110269023,20.036492710164584,21.98115135605791
8.580838673575258,20.04466199502737,22.051978527693127
8.527508994164501,20.053750417970864,22.11917440237575
8.473755181075322,20.06307361140006,22.18318744891146
8.418488206607158,20.072236111429202,22.2457963006022
8.362851464052465,20.080520785805536,22.30758595348161
8.305879273779748,20.087522680001324,22.36808871233004
8.248625396417928,20.093900037230394,22.427725436469807
8.190679915954055,20.099806241871214,22.486136373689693
8.132071702012357,20.10602504751248,22.5433989138371
8.072415453689048,20.112672944041375,22.59932958614653
8.010586581954854,20.119717430677387,22.654972441091132
7.946378013500048,20.126773324035426,22.710056721613153
7.879371014909083,20.13370996120852,22.765056421646804
7.808372464800084,20.139740864665235,22.81922221614517
7.73426104171317,20.144379832087537,22.87273465428641
7.657350368003541,20.147137805892463,22.92523178662068
7.578315025013251,20.147930390767883,22.976375728665495
7.498444674882991,20.146503930714157,23.02615021174469
7.41833819657637,20.14382899529348,23.07489713292402
7.339319994009956,20.13967218891744,23.122414057848754
7.261836905474839,20.13478845725493,23.16917764186725
7.185611534058127,20.130380841314885,23.21455076243913
7.111029974846984,20.12716018341384,23.258589394374972
7.037936235008817,20.125524626195187,23.301114869824907
6.965451477549711,20.12728263848572,23.342409641889176
6.893785632120581,20.132913686413346,23.382763869788903
6.821965776036015,20.14218543187156,23.421793548083265
6.750401808212355,20.154567607622845,23.460659656401138
6.679071440955741,20.16970885493208,23.499416815313133
6.608232691984021,20.187525345302003,23.538274656689325
6.538090766454384,20.208515976306384,23.578036156754212
6.469607037451837,20.23177001690399,23.6193334851312
6.4023570363376185,20.256681254076607,23.661674098004152
6.335611373329226,20.283041966338804,23.704856795225787
6.268918400748007,20.30899312035962,23.74709919840715
6.2025592230256335,20.333998146574334,23.788519172644094
6.136253126368029,20.35793804266376,23.82844984816475
6.070416198577772,20.380404794724146,23.86689245960652
6.006134457031437,20.401554252937032,23.903867693846344
5.9436301782882515,20.421675149512566,23.940048589560575
5.883230528789032,20.440987707306412,23.97582915872556
5.825362515200314,20.459379133024353,24.011036628448945
5.769784914154681,20.47721467808219,24.045485031417293
5.71735985597326,20.493951125205815,24.07923913145191
5.66773933534787,20.510320465858968,24.111930209943377
5.620085075577685,20.527756853541028,24.14331629369049
5.574980752020599,20.545953012440403,24.173391095754138
5.53263793875266,20.56491383031073,24.20086691595138
5.492725522668564,20.58564531271771,24.226812599902633
5.455647223811964,20.607728334427296,24.251080961423057
5.420865047110327,20.63140600926727,24.273908729749433
5.387358489782004,20.657072473502048,24.295408615554507
5.354093487689146,20.685031718568066,24.315802050590356
5.321433926844806,20.715053095693623,24.336020182142462
5.28956550203859,20.745256941161976,24.357010281949766
5.261066780804797,20.773820388788597,24.380642651640425
5.234471779663862,20.801333782383246,24.406708487348524
5.209980659715152,20.82685544890123,24.435013022079183
5.187026842943221,20.84930103209629,24.463917721098674
5.164445683448579,20.868840310249407,24.49193068945376
5.141481802889291,20.886295381529123,24.5185023148465
5.119152516056679,20.901503189617035,24.544684251820186
5.09691718284232,20.914867903960864,24.570136795024695
5.0762986796028855,20.926125899322685,24.596966334799994
5.055646339472406,20.936802409574558,24.62402217413423
5.034833791045519,20.946956127498265,24.65116004518337
5.0130339628657,20.956895847616735,24.677513409559598
4.989840985409187,20.967223829672754,24.703234034115177
4.966671075658738,20.97615057577841,24.729486798023633
4.943873886914125,20.983156002947386,24.757252419495227
4.922280975686185,20.98755002192841,24.78696083075049
4.901319231196617,20.990243377305564,24.817408176147897
4.880092813978075,20.99234374387726,24.847076411735628
4.858415431606722,20.995035639364616,24.875540641054776
4.836070280378202,20.998875121701822,24.902380330398127
4.812791032743269,21.004314718675154,24.928068868467545
4.790631813790015,21.009185180789586,24.95402007469789
4.7693721631039665,21.01277188648844,24.98101969482687
4.749664700460251,21.014500176593064,25.009646354230238
4.730698515089644,21.014967679266718,25.038338338818313
4.712034386493957,21.01442889273428,25.06624508488028
4.694274815243548,21.012815446461005,25.09301252307422
4.677455967622397,21.009240429503638,25.119040111547598
4.66141562942082,21.004661469582548,25.144346937689132
4.646336093803519,20.99968490985409,25.16958094042577
4.631821870548031,20.995158421340165,25.194858354306593
4.618062415553599,20.99108622179836,25.22081538565484
4.605320953013637,20.98699105795989,25.24795063203325
4.593883510250417,20.981720100106735,25.276516230854007
4.583729638131812,20.97503924834112,25.30687843481542
4.574783898089725,20.965679190915697,25.339200195038742
4.56699404111532,20.954237063716455,25.37306543007806
4.560295482319947,20.940884127089276,25.408832769621768
4.555127755486437,20.925729242838685,25.446500142020714
4.551751283151907,20.9084384226991,25.486295986870463
4.550189079997835,20.888597045034093,25.52881215554303
4.5505070412850115,20.86619565842575,25.574326432725105
4.553245490460004,20.841444618895576,25.622639959145538
4.558500055963981,20.814589548720424,25.67413294220058
4.566341080658974,20.785855546763134,25.728425557247643
4.576673001004294,20.755718069498215,25.78530073622083
4.589233139930588,20.723444823702547,25.84476894447141
4.604141401081376,20.68942849584513,25.905706280662255
4.6211017139988035,20.65233784347371,25.966300055845174
4.639571047563705,20.6134889268954,26.028054653855815
4.661737061337589,20.573129525158805,26.09377940043364
4.684814788216992,20.53232554369021,26.15966593161649
4.707217261415696,20.493228620385004,26.22532239252001
4.727456344027004,20.456442525996117,26.28927658956733
4.743680768219142,20.422676617180766,26.3498924416011
4.7566934021548075,20.39108977588648,26.40753464034288
4.767406416396698,20.35923174419635,26.46268752541596
4.776556729408979,20.3269630651695,26.51673503335971
4.78608132069943,20.293217481881246,26.573356838083182
4.795021866526997,20.257744478808124,26.630668244762504
4.802667498724374,20.221798583332706,26.687533575706947
4.809289094572604,20.185170830307595,26.743959864921788
4.81449282817093,20.1488709988969,26.79964386450039
4.8181221993180365,20.113681187904493,26.85398438641612
4.82068110331608,20.079767753073703,26.90815389462515
4.822811052750746,20.04677517262891,26.96192007943747
4.824176801065427,20.01529674447539,27.014339281384224
4.8246426151776145,19.98577615546955,27.064902013874384
4.823862467259792,19.958692540791755,27.11330705338174
4.8219224575904205,19.934164595427468,27.158648213888462
4.819231234800148,19.91132586642358,27.202138501599013
4.81458839623788,19.891813157925732,27.242473991045163
4.809030597297555,19.874132190628732,27.28125892272544
4.802880546647373,19.85762931784013,27.318934565031068
4.796710050931555,19.84187581642983,27.35526939367414
4.789978325157873,19.82722991747957,27.390243790541497
4.781859876446493,19.81513490656784,27.423130033816612
4.772039756577488,19.80581765368476,27.453269996309164
4.761317999315298,19.797481554989414,27.481866230640172
4.749428667841415,19.791035126470366,27.508553885712754
4.737603420157379,19.784858246809556,27.53436188470652
4.7272219558683455,19.776607347752442,27.56143118357354
4.7184340788041705,19.766438552198693,27.589880506477027
4.710370194995402,19.753401176886833,27.61986165101002
4.701155108241096,19.73912864660178,27.64971371053231
4.690060323493647,19.7244731633129,27.67824000938874
4.676718024308256,19.71192850730228,27.70339531819277
4.660555520513586,19.70234513864334,27.723876421414964
4.645588180797375,19.692344323448783,27.743399204991228
4.631150603856892,19.681617842608546,27.761338050068886
4.618821900475162,19.667126013100876,27.780223339215684
4.608126243808653,19.64794170566237,27.800369728159914
4.597459555663388,19.62395426540116,27.822334894306888
4.584022731948092,19.598116129394608,27.842793997718992
4.5671163386858655,19.572451473442616,27.860069120524596
4.544947866374572,19.54901176460268,27.871213014600556
4.521705897240948,19.523586256543947,27.881017810936147
4.498664339878792,19.49347141970456,27.89243362030521
4.47682354427349,19.45768230039601,27.90736241681072
4.4567644728497875,19.416668125645643,27.925384571896398
4.436121023540799,19.372713638761965,27.94430740453304
4.4121885047663145,19.3322251918053,27.957220176554674
4.383344158211165,19.297065818607162,27.962114628608703
4.351858111435096,19.265062186968404,27.96165323787903
4.319066295102111,19.23569989401001,27.957483831771864
4.28738708858827,19.204121038799517,27.955617416498175
4.2558754019276535,19.170526773062104,27.95618505163514
4.22449877029364,19.135269369020826,27.959304265810083
4.191774480425383,19.10020263153018,27.963164345299422
4.157823103448724,19.067373240800077,27.965782241190247
4.122713222008435,19.03714558175932,27.96714361982587
4.087081118123222,19.00830274406553,27.968731728509386
4.051454017706902,18.980938493276845,27.970778253781177
4.015651389191822,18.954849207706093,27.97343221727067
3.9791487907264704,18.92938345372892,27.975344462203577
3.9425132142226076,18.904291875009722,27.977621742799712
3.904408434682108,18.8794724280991,27.980357616719708
3.8646845628564583,18.855745773615446,27.98298525087824
3.8247571489381333,18.82927863712985,27.99013214248324
3.783381123643711,18.80131691274838,27.999593576960933
3.7398378225946476,18.772767795726246,28.010396817575096
3.6943711369265175,18.744477313132197,28.021446811367305
3.644380431030001,18.718411019740678,28.028983059868054
3.590372205866552,18.69564373455957,28.032335997491153
3.53182439935917,18.67591465964181,28.03150871437074
3.4683044434703363,18.660046658020725,28.02544731840607
3.402951953030719,18.64394636762555,28.0189406243205
3.3358881289494837,18.627847616020322,28.011852912641864
3.2668195533603708,18.61268843895573,28.003825925278328
3.1965279123542967,18.598041085442624,27.994741360212814
3.1224479415281396,18.584562600562712,27.98362686081613
3.0454419430659194,18.57178649748967,27.970297991703653
2.965750042207996,18.559739301164495,27.954160982819158
2.8845563454688796,18.547989196596767,27.935458007360346
2.802699347952739,18.536749520711105,27.914515923689212
2.7206013285030326,18.52686702388086,27.89047125106996
2.6384126089371174,18.518206839924243,27.863634811633986
2.5567926551212343,18.511227505598555,27.833883959642606
2.4744792735812364,18.50537863392783,27.801169330342653
2.3928797201284593,18.498838410018553,27.768298039817132
2.3123620254552906,18.49254540741373,27.73355908497133
2.23449276997674,18.485946773392673,27.69786466293174
2.159942195925418,18.47915865484193,27.661978776666995
2.0883153055755095,18.473363527127095,27.62489117124972
2.0198554293602085,18.468409474013527,27.587497121359664
1.954827122704898,18.46405779421574,27.550942133059426
1.893174033677996,18.46019726397808,27.515387320267173
1.8356212653030155,18.455448408459624,27.483251894898743
1.782106407987767,18.450369494116156,27.45284476218873
1.733338705961261,18.445285151827044,27.424273551762052
1.6897072012255057,18.439683816536252,27.398226585329095
1.6510850042556435,18.43375651827017,27.375587116361547
1.6176176315965805,18.427546130317303,27.35685797378355
1.5897776702816155,18.42105734231015,27.342665779653014
1.5669735739251993,18.413935910450782,27.333072384040072
1.5493201059493822,18.40601238548639,27.328304523207596
1.5362648412013966,18.39612548458654,27.32873354195393
1.5287300254163447,18.384355718313884,27.334731664901994
1.5266049485000992,18.37088167134707,27.34581904845549
1.5299094495588677,18.355524878096034,27.363622371309976
1.5380009853649077,18.33799503477871,27.38718575349317
1.5502682913720425,18.318112752414862,27.41642215952191
1.5657253257444517,18.29544393993738,27.450340534139904
1.583577711587791,18.26957598098492,27.48797214344274
1.6034272548866164,18.23970792337706,27.52867539389261
1.6257414455901087,18.205566830755814,27.572572096171474
1.6502078918392167,18.167870048572013,27.61882823790264
1.676970801229018,18.126101926235222,27.666525677895187
1.7054815698833987,18.080871359081595,27.715648657970153
1.7356801691817143,18.0326119877557,27.765834055731293
1.7676171376370338,17.981746058047474,27.81663753033659
1.8012716115393852,17.929127720256574,27.86835140704969
1.836334079797793,17.874829258894554,27.92135739050073
1.87303323953186,17.819132368017275,27.97544354678265
1.911523689827557,17.762254620899075,28.032177283875274
1.9512259510766514,17.704334759491903,28.090008439062153
1.992064736116457,17.64548893985046,28.149220418505404
2.0329329325229164,17.58612293687312,28.209535064332513
2.073430501593677,17.52645681263351,28.2699879090099
2.112940869111598,17.46657145238286,28.330210690857207
2.1514186263846224,17.406392378648995,28.390602560171693
2.1889950165930228,17.346177290534754,28.45070435864396
2.2266895865014593,17.285112382130677,28.511680819363278
2.2645946452275734,17.222845111833593,28.57339757794224
2.303079735453796,17.159039795357174,28.636473272556145
2.34198924615036,17.09307620933727,28.70098647894279
2.3807794669563362,17.025674061237744,28.76695808094869
2.4182119566525326,16.957907371716576,28.833640535598047
2.453779523482798,16.89042584490418,28.900809197447916
2.487125206070036,16.824689877609643,28.967320101753113
2.5182451280334974,16.76146708650119,29.032744724049028
2.547564528688098,16.700529154722446,29.096672772558037
2.574991004744426,16.642453965362368,29.158447798474267
2.600115418013242,16.587384968057645,29.2178549604687
2.6231118733534347,16.535812647476547,29.27489201063297
2.6433971938037955,16.488134362175202,29.32908032882814
2.6612929256951645,16.445140986030488,29.380356313080522
2.6776625408862023,16.407100997092915,29.42880372056595
2.693833968131869,16.373892795701554,29.474934959523416
2.7102123126910165,16.34516602135923,29.519297945822423
2.727113440962323,16.32019092053021,29.562095101837382
2.7436755457627773,16.298215722732206,29.60359035525905
2.7594412062651403,16.27881879408733,29.643995571257296
2.773896014365408,16.26151434533763,29.68357991337663
2.7868759657683464,16.246028824873452,29.72227662312176
2.798539666187195,16.232798423193035,29.759823496681673
2.8094511233353545,16.221529814690935,29.79698495711514
2.819445479377086,16.212226707902072,29.83407881251776
2.8289474450077132,16.20498399267942,29.871296821930866
2.8375062010244054,16.19965023267507,29.908479984425956
2.844971086054677,16.196387661335372,29.945493052289955
2.851492918642032,16.195303754898077,29.982256709548068
2.8571695373709556,16.196275467907338,30.018836861463626
2.8622013090847704,16.199050166258306,30.054437705899154
2.8663450600845186,16.20387968000779,30.089269437714393
2.8694706412113726,16.21050403135461,30.12332017971065
2.8721256807503215,16.21890633215609,30.156622258136398
2.874236576140089,16.229384688874923,30.188960299408745
2.876327328942131,16.2414963733301,30.220327730083607
2.8786813216954017,16.255459719078754,30.25082339061407
2.881167781258533,16.271096582415986,30.27997731675623
2.8841998583717836,16.2880607807769,30.30790577307055
2.8874368276888096,16.305961252507434,30.334437928425157
2.8909601893353676,16.324516111166147,30.35889126419987
2.894919439763764,16.343217278497757,30.381651515184284
2.8994553166226247,16.361974107207082,30.402931220314407
2.904551491118288,16.380542249308863,30.42286005134887
2.910335802048834,16.39875350315601,30.441410083189776
2.9170686058902984,16.416402573901735,30.458754376897424
2.924993419734068,16.43318674054302,30.474919622865414
2.9342086309268343,16.44840323943748,30.489761846531866
2.9450539089479717,16.461706810674627,30.503287827589546
2.957820679082532,16.472380982055718,30.51512803123584
2.9724359568772023,16.480467147987255,30.52555137524752
2.9892648475398853,16.486022083841572,30.534274346592063
3.0074176556354115,16.4880712333918,30.541294358489655
3.0269431237072313,16.486766067143346,30.546475697704004
3.047024610037369,16.48184799765261,30.550052220297456
3.067386358334874,16.472904683820857,30.55221018036779
3.08753305818708,16.46005071400842,30.55340311941695
3.106797540403341,16.443098337791646,30.55399755125093
3.1245405419078103,16.421756415500138,30.554856667503124
3.1398228549985894,16.396297294180407,30.55575343752465
3.152318804500095,16.365996041273377,30.55767123467315
3.162288087843132,16.33081964098895,30.561345857133993
3.1702975468842127,16.29132678824797,30.566493642990817
3.1766695957874687,16.247899857008818,30.57381156541243
3.1823581971707795,16.201055741462067,30.58327141176941
3.1870937879252983,16.151207841966592,30.594905747604322
3.1907546250225307,16.098845902458528,30.60845047649255
3.1928411225160875,16.04451213853138,30.623553841477005
3.1931757749154177,15.988437057819377,30.64011174390951
3.1920733596505992,15.931200577328509,30.65761369160169
3.1894174533770516,15.873352327550045,30.675671645103915
3.1853391565072773,15.816203465882301,30.693405768195575
3.179734329980977,15.760293989073858,30.71032069521274
3.1729358671223933,15.706646945673333,30.72574925964514
3.163130941977776,15.65582733714023,30.739485329160342
3.150901844241673,15.608284338602179,30.7511550154958
3.1373398814688835,15.56417228893226,30.759546798564532
3.123419624468011,15.52368100649394,30.76616171782404
3.1095359382810654,15.48706574262332,30.771257495261846
3.0959960918667484,15.454491057878068,30.77649074394646
3.082042671054449,15.425335959921547,30.782761666336086
3.067942609721152,15.39927789159173,30.79065547350585
3.050960637245339,15.37530207263826,30.79994682614027
3.0306682799137823,15.352991948396136,30.8107212250478
3.007263555643199,15.331456437690038,30.821164536001888
2.981284454292965,15.310656901141764,30.831671308868035
2.9521469443185615,15.290052497072875,30.842748177680445
2.919499442805021,15.269265544771853,30.854741023202735
2.8834077538548177,15.247548791948125,30.867725741187357
2.843853685020731,15.224647012619142,30.882159039388085
2.800731010532162,15.20022856653477,30.897821342910646
2.7540091976856913,15.173623231606657,30.91525969955066
2.70435048454875,15.144470169161346,30.934967203191523
2.6526300998179817,15.112792495699775,30.956870252514545
2.600013142643797,15.078142796513179,30.981469624519463
2.547454352436353,15.040505769521141,31.008890097735513
2.4964506635618626,14.999666578530194,31.039341815655888
2.447702253545688,14.955668201153577,31.073003812354106
2.4018161951011145,14.90840386051208,31.110043807710515
2.3590350386733636,14.8580766185157,31.150381815122554
2.3192594620972433,14.8044110383116,31.193716007127506
2.2820476431445886,14.74797530464494,31.23955302125782
2.2472049256783713,14.689274522620433,31.287399067333034
2.2153783602338386,14.628930534223743,31.33697773562038
2.1869851371725093,14.567347107602103,31.388148229925154
2.162303869275231,14.50512852143552,31.44089284255907
2.14163898253923,14.442194163491513,31.495077881103814
2.1245652772859636,14.37919537241823,31.550528236083657
2.1115575835708476,14.31599287941764,31.60687810416349
2.1026761916147945,14.252928005707787,31.663843920090205
2.0972749684996215,14.190351494508496,31.721125626778473
2.096134745181194,14.128622826574889,31.778750001665884
2.0990889941421087,14.068123410305505,31.836535913577695
2.1061644315422505,14.009168233436695,31.894609632202695
2.1172279790986517,13.951797482809173,31.952744966825893
2.13180426503626,13.89625746805591,32.01077898199508
2.149607860210602,13.842478886133268,32.068613547589315
2.169891750387208,13.790707215120854,32.12589342250946
2.191560750127171,13.7409684802553,32.18224522695687
2.213606345454239,13.693537517327366,32.23741096088371
2.23577402411479,13.648214027142458,32.29115363418326
2.2575211487344227,13.605409383686007,32.34321572534783
2.2789350968058666,13.56562329092784,32.39369902069516
2.2996033317601814,13.529075939406134,32.44222591535912
2.319651814312566,13.49629700071695,32.48906945236975
2.338340162692049,13.466995535163154,32.53362324235362
2.3554924009388083,13.441288056364998,32.576158903754205
2.3708749417058312,13.418779332404851,32.61671776800272
2.3844915317629223,13.398495536087129,32.655240386617
2.3965821346395315,13.380414564593893,32.691850564837885
2.4077125959552514,13.36443553126072,32.72692027114819
2.417830424856808,13.350327775446278,32.76012470603522
2.4277224205549794,13.337881176043838,32.79194676112589
2.4369042715256013,13.32654547907941,32.82198877710976
2.4456350150456605,13.315918340169587,32.85013676682134
2.4537543371588346,13.305851472707513,32.876429415118295
2.4613928693480305,13.296012921671641,32.900703646820205
2.468815167143345,13.286233308422284,32.922767829429084
2.476313001466032,13.276274999081544,32.94259583785747
2.4840180542863615,13.266134434008219,32.96001717997883
2.492032062044313,13.255936291557019,32.975489822888015
2.499525953254847,13.24542733268081,32.98869791503189
2.506316714939694,13.23457951864093,33.000128741479855
2.5117004759280013,13.223068162713544,33.00925053813804
2.5158618329783646,13.210812978095015,33.016290371256844
2.5181606723251972,13.197642392696684,33.02076747982016
2.5191202533616597,13.183207121237126,33.022675233721195
2.518419186979111,13.168088050051466,33.022050998907815
2.5168772975494322,13.152034558953204,33.01945487491065
2.5143299957921545,13.135410438630368,33.014808013038525
2.5111846536574225,13.118535564101206,33.00897752231598
2.5077779025172084,13.10125003571794,33.00172473826238
2.5043480018169566,13.083809288068387,32.993246074250756
2.500565610437177,13.066278662861244,32.984131521334525
2.4966600560551306,13.048218237370467,32.9737786879388
2.4926626951689013,13.029851227592781,32.96220866630495
2.4888643218189563,13.0108062314081,32.949087391020434
2.485637466638269,12.991405695842781,32.93443222680156
2.482837560861831,12.971669784029626,32.918192540575895
2.4808636638177526,12.952024928694339,32.90055344778416
2.4796246710484207,12.932881443199713,32.88151390451008
2.478223876604039,12.915271118133239,32.86228415998803
2.476503121578955,12.899101674766476,32.8427616251828
2.47505837225893,12.884593665253735,32.82284251908661
2.4735422058470276,12.871473564185422,32.802231344897976
2.472271047273199,12.85965411379082,32.78097122938797
2.471006417495729,12.848748694580884,32.75901782242927
2.469734593561158,12.839216218398539,32.73676747697496
2.46815061371544,12.830672329493973,32.71454216199164
2.4661214135737555,12.823975002454377,32.69373910140337
2.463308705978753,12.818530037692662,32.67442749515149
2.4594110561556315,12.814126248806996,32.65641759410919
2.4542768243767457,12.8100163977357,32.639134759983676
2.4472528312320585,12.805996066601422,32.62261699893262
2.4384193563722296,12.80163108445278,32.60683826566665
2.4282437183197683,12.796710201280588,32.59192989047986
2.4169215716105494,12.791071745833113,32.57821557875757
2.405314184073752,12.784245590760326,32.565847409389626
2.3936511539169802,12.775843801743575,32.55477621368445
2.3820985694838313,12.765800392046847,32.54522261497542
2.370248502310352,12.754147100251624,32.536951671447575
2.357683612618166,12.741848112349448,32.53024300430096
2.344141346572154,12.728729100185186,32.525072612557054
2.32903400646748,12.715439119748291,32.521322729787265
2.3128731330793633,12.701320395523906,32.51963780081718
2.295233173862954,12.686173187156538,32.519480128842304
2.27637381176249,12.670094016638336,32.52084241992914
2.2563110269966273,12.653574718131054,32.52329022783566
2.2342210257900454,12.637552621161978,32.526441121154676
2.2098458167996524,12.624173698150368,32.530145501662986
2.183186826678257,12.612781134360132,32.534437906327376
2.1540030579668437,12.603541327501198,32.53892285520904
2.123163049784515,12.59507739350256,32.54397360672908
2.0909935418453167,12.586503290590748,32.549314401038295
2.0576241210602393,12.577998043339415,32.55466093256789
2.023267175010294,12.569344661625433,32.560004654298254
1.9880250432702702,12.561181061108407,32.564960925778045
1.9520311587900974,12.554035741266294,32.570116223057276
1.915643588786396,12.547992797214988,32.57530305404657
1.8787035724881678,12.542635291070292,32.58146488155149
1.8415572537437397,12.538089467857752,32.588761292241344
1.8037937985576469,12.534870308953824,32.59707613307417
1.7656388695197778,12.533209613043214,32.605402398393444
1.727279924284153,12.533698948813017,32.61357260901917
1.6888178285706823,12.536773183466705,32.62074742690576
1.6508728636355654,12.542562446843563,32.6270126078557
1.6134304834714528,12.55070082913452,32.632094998924366
1.5769268888170633,12.561228388204562,32.63627589773715
1.541383496179036,12.573498608306439,32.63982851893808
1.5061063974957807,12.587907705422985,32.64289409869782
1.4717275418973035,12.60311061459978,32.645454543134065
1.4379961619640438,12.618767085735929,32.64842592854769
1.4051228261834696,12.634809932430583,32.65251925450756
1.3726639141860744,12.648846770562166,32.652806655601395
1.3402622488506055,12.660512197900864,32.64826401209453
1.3080648822104697,12.670886646918003,32.63986683143141
1.2760825996117604,12.679956030925544,32.62832841790461
1.2441592139706525,12.689054902880596,32.61703346359868
1.213148133230896,12.698685477826597,32.6087955060111
1.1826952893262805,12.708472794706822,32.60409799859136
1.153059904078047,12.71907761612627,32.604652121102156
1.1230415602275656,12.72853912942109,32.605612209624574
1.0918979924488834,12.735875176177187,32.604641027454576
1.0598784592872552,12.741879998972626,32.60365721383942
1.0269823173918717,12.746139606382044,32.602121218404086
0.9933890108971082,12.749149402826188,32.60029008716367
0.9590711605236787,12.750896413674958,32.597863817155954
0.9239359400573101,12.751489520243469,32.59475993216026
0.8878741287424148,12.75054732367133,32.591219025295516
0.8516845442706704,12.7486318330139,32.587325644277115
0.815677065826814,12.745011797744688,32.58307408798115
0.7799152556282947,12.739704530664385,32.57886753571799
0.7444897671863038,12.73252207089636,32.57476472958445
0.710179921156495,12.723968695185818,32.571236262723374
0.6774146482224148,12.714224507050899,32.56857793475093
0.6471781635498501,12.703719590607678,32.567013469493546
0.6194899522272104,12.692493807064558,32.566584786966025
0.5952757945189437,12.680939496538212,32.56735576898714
0.5751324689729536,12.669086171368338,32.56915328471131
0.558363438323505,12.656575976064515,32.57156280815497
0.545330526645571,12.6437903459543,32.57444390897654
0.536470349284401,12.631103500652184,32.57795949034397
0.532010168586392,12.619563827756489,32.58218587422801
0.5319906783378552,12.609441689692899,32.58734066297048
0.5363039688914129,12.600970785795324,32.59360270501839
0.5442909934924678,12.594526841413595,32.601019565774564
0.5561238769225729,12.589464186186484,32.60965211356989
0.5716568278746965,12.585733565597936,32.61929715523493
0.5906209468215644,12.583002197703506,32.629666072524984
0.6130741088847196,12.581402608760145,32.64046179328236
0.6387424738485348,12.581329545779539,32.651137901858604
0.6672472095285205,12.582747388196134,32.661375556211
0.6986043600584089,12.58624109993505,32.6714050594089
0.7319102139213871,12.591812177590274,32.68108119299767
0.7670403029460211,12.599141049632676,32.69073759225893
0.8044765525249563,12.608118134931603,32.70073424795744
0.8438894469606982,12.61853899281225,32.71107431668078
0.8852249964300495,12.630668728476573,32.721555911199246
0.9287271469418202,12.644171554253546,32.73215092819144
0.9740370111564368,12.659301562282705,32.742940956900796
1.0210586166280704,12.67590621681308,32.75392489803144
1.0689529643018651,12.69427693290715,32.765088865092764
1.1175049174242004,12.713994882863307,32.776505726638234
1.1666043450538033,12.735332124012919,32.788254765306256
1.2163240615289872,12.75813782222924,32.80022409954308
1.2665343213229685,12.782627163538601,32.81233759635969
1.3178793323453832,12.809518305812432,32.82479467878903
1.3703732698189457,12.83865169701345,32.8376433314332
1.4241295779598624,12.870367954301397,32.85089060436893
1.4787075644744962,12.904698172462737,32.86455671018864
1.5335653323610157,12.94121689612035,32.87824425439659
1.5878871552212668,12.979788533360153,32.89197198242812
1.6415247318446085,13.019860744455993,32.905494158112816
1.6940330467796443,13.0606699168364,32.91862159452993
1.745489483381985,13.101877879862062,32.9313855298255
1.795970597626637,13.142541283610054,32.94414134347821
1.845441660941766,13.18228431410755,32.95669843436199
1.89394966307554,13.220677039036485,32.96940223574851
1.9412137028241272,13.257566748296288,32.98196219627467
1.9874992101381537,13.292890094209087,32.99441786153251
2.0329350550839904,13.326752869949841,33.006881927409346
2.0777403674103265,13.358860239973241,33.01934376224789
2.1225837715298335,13.389177792354756,33.03216285447594
2.1673427943173498,13.417290164234545,33.0456345776837
2.2120166167118556,13.443296665548834,33.059735428861266
2.2566082987350393,13.467253884824157,33.07454311479237
2.300843552683729,13.489709977133383,33.089761642225575
2.3449280425301744,13.510707346202388,33.10542139292551
2.388392873984693,13.530072253483176,33.121129105269915
2.4310307566162095,13.548285566067184,33.13679187019628
2.4726878853955063,13.565085270700848,33.15273945124856
2.5127268633745654,13.579998243894256,33.16888428422076
2.5510285194781335,13.59325247497429,33.185371082935866
2.587576888650733,13.604803693819461,33.20226778236578
2.622754380136924,13.614677228241442,33.21955043975427
2.6566467986258635,13.623371001296865,33.23733340746389
2.689099489324013,13.630168249925472,33.2554058582934
2.720359452972879,13.63544854509987,33.27398167520299
2.750029417083953,13.639216517732835,33.29269722770708
2.777966795222718,13.640926792810955,33.311942037734916
2.8045031010238795,13.640907737566112,33.331380135301394
2.829372421743834,13.639144583639819,33.35099729944407
2.8530277867902614,13.63569344743061,33.37096424955014
2.8757956504132007,13.630847737501002,33.39095502812862
2.897685316439233,13.624470815182214,33.4107042603589
2.9189757944058052,13.616566132473208,33.43053230050725
2.9395655038478172,13.607122729149273,33.44994167697595
2.9595910597699824,13.596309400867817,33.46897492316809
2.9788786446452336,13.584129615369102,33.487716483928686
2.997514892070126,13.570767796082189,33.50590036763921
3.015358960819212,13.556265104765567,33.52385381076482
3.0326073601858035,13.540392352587206,33.54128020216333
3.0490035160310534,13.523265476481047,33.55804108755278
3.0646169899819715,13.504869851069445,33.57421951841131
3.0795281014810607,13.484926732587764,33.589753298042645
3.09375326146651,13.463405178807113,33.60431735521365
3.107288852143189,13.440223568405914,33.618147931873196
3.120065561340922,13.41558649086647,33.63126213437395
3.131939678282713,13.388709900637588,33.643918002827526
3.14269801782288,13.35995408969723,33.655872267239566
3.152581160727787,13.329090744621107,33.66734527605386
3.161546873726383,13.295672486937379,33.678412692229735
3.1695947032292318,13.259799276571226,33.68907078342754
3.1767635514016375,13.22100122902853,33.699253720289406
3.1831057181504203,13.179341351962565,33.708971673654226
3.1886996142547144,13.134962817532601,33.718255261628414
3.193938095607828,13.088003715381907,33.727156228987454
3.1993644545527564,13.038991998994709,33.73590795951929
3.2054427761906044,12.988906162219804,33.74421938623934
3.212416351289194,12.937731781372827,33.752449029195894
3.220154978697147,12.88647328415858,33.76027306584627
3.228273585380824,12.835647111972364,33.76777297703011
3.2365714670126193,12.785763058211636,33.77488824380843
3.244651206170957,12.736978839015485,33.781763282093976
3.252611044842539,12.68960217856112,33.788431792097654
3.2607307960560044,12.64311497293206,33.795193414565716
3.2689849232544357,12.59806380907786,33.80170449843376
3.277253313394516,12.554551001229196,33.80768980263084
3.2853837454485184,12.514720941250626,33.812518385306056
3.293278969992301,12.47829765893103,33.8156365457878
3.3007793186390533,12.447021566729603,33.81671926362136
3.30844484710848,12.420803230738303,33.815542908340255
3.3164566180814163,12.400040065813618,33.8123413175514
3.3250414393493446,12.383879621436783,33.807388655306646
3.334170687261259,12.372566857238423,33.80130510117937
3.343521227234894,12.365577032607025,33.79435175406623
3.352801909209186,12.363099447286222,33.78660135411338
3.361805422691668,12.363812678028358,33.778582055607245
3.3700771231730307,12.367130761091506,33.7701521850736
3.377409225965581,12.37249979398329,33.76163312127861
3.3836588465922763,12.37925006173019,33.753249794029834
3.3890026440487238,12.387291317242225,33.74502898118407
3.3936751873560453,12.396237961649872,33.73737631857416
3.398128312348319,12.406014019459441,33.72999527782972
3.402507415643467,12.416860341661662,33.72297784914686
3.4069015073809465,12.4284448198306,33.716540845664376
3.4114492993596603,12.440688649513922,33.71084641491047
3.415790656077255,12.453118960661566,33.70589422069085
3.4196207049024943,12.465926886448786,33.701772341773825
3.4230558249401453,12.478982743310263,33.698249769896755
3.425458444847704,12.492667976846699,33.695297844971826
3.4268593909643914,12.507061037180184,33.692494877820096
3.427271225125527,12.522237376272727,33.689651420214645
3.426711493017681,12.538314038084076,33.68685717416113
3.425398609168883,12.554671071474068,33.683766125860224
3.423391278501632,12.570965379864779,33.68020076957249
3.4211053982215316,12.587227764806977,33.67589078832455
3.418805498000987,12.60333698029558,33.670693815705434
3.4163589688476828,12.61926617160188,33.6650608168627
3.4145507730429885,12.635411461394067,33.65918664386483
3.4140779602558426,12.651686561510616,33.65350441116791
3.4150855029857885,12.667707370165235,33.64869384956785
3.4176710391448806,12.683180395553658,33.64443646845655
3.42218736465807,12.697864130908123,33.640788553003404
3.4281659075395257,12.710764111979046,33.637710349037654
3.4361820970394716,12.721941295244592,33.63509023550575
3.445959093670668,12.730784087254682,33.633633207862694
3.457633546855747,12.736974662636415,33.63328888269393
3.4710477542963405,12.740636983742803,33.63470164587851
3.4866943992856894,12.741455399698772,33.63773552491664
3.5028641559565283,12.73950333442389,33.64278153903298
3.5194402724784606,12.7359437230076,33.64981949025024
3.5361376216730207,12.729900778542012,33.658875487281605
3.553001733990027,12.721170573061542,33.669863284887846
3.570275029789637,12.710130003334971,33.682332195528666
3.5880347371067756,12.696912741319812,33.69601680306232
3.6057974581254557,12.68228606400032,33.710701529073646
3.624014308734534,12.667792097230956,33.726263932300455
3.6413735768641335,12.653475935286886,33.7423831514078
3.6567604699371836,12.641037504532203,33.75941951096686
3.6698624939359847,12.630601783028341,33.776957407622156
3.6806421923586647,12.621779792425295,33.79459480058118
3.6898217259996833,12.615466213168558,33.81182006606305
3.698330490019281,12.612148024063378,33.8278904111595
3.708393755216388,12.612668521805041,33.84249170571358
3.7213145735764286,12.619365985393111,33.852277148966
3.7369810530742242,12.632093365032244,33.85690589659693
3.753939648889862,12.65000422115033,33.85547368431364
3.7710883222180183,12.672111512955324,33.84888921942752
3.7875834754337925,12.697220281291518,33.840105630634206
3.804187972619255,12.725221588198162,33.833018444491586
3.82230515062248,12.756004139975197,33.82875386366266
3.8436310680706214,12.789761076538376,33.82958403471484
3.8661825639605185,12.82552923295774,33.82875480710381
3.8899426147235125,12.862418206931899,33.82672734746345
3.9147301169089976,12.899423897026823,33.82316301525254
3.9405661746716705,12.93611579836042,33.81821121068624
3.9672924153508826,12.97243197273091,33.811963311449645
3.9945861724492344,13.008578284667077,33.80446217666084
4.022756372123785,13.044996404655475,33.7959548311362
4.052456747278694,13.082320430664115,33.786746794119054
4.083642375259261,13.120290525581465,33.77703756651289
4.116261818354451,13.159517097111904,33.76705795999609
4.1508120670039945,13.19852091551234,33.757133024049175
4.186810477124731,13.236932875667426,33.7477604420886
4.223922157443246,13.274028209680528,33.73949426577852
4.26218920057213,13.309689622534135,33.73242342516275
4.300642151668922,13.343635344447037,33.72648363900306
4.339139560356837,13.376162196524477,33.720984065415806
4.377857920671237,13.40671606753429,33.71547072410212
4.415963151144942,13.435938660723492,33.70899141063642
4.453277318414498,13.463475370199838,33.70143062195305
4.4890552510337445,13.489052634231262,33.69291872772514
4.522402586262784,13.513021526995017,33.683750812715395
4.553029485218527,13.535820156978058,33.67414612923448
4.5805281569362695,13.557738179728501,33.66463376820307
4.604957729171442,13.578888422898864,33.65561254694796
4.62690850696436,13.599154336599595,33.64729402756193
4.6464019666443965,13.617700325905469,33.63987343827429
4.663556964036271,13.63436302139621,33.63360834143614
4.678304214941818,13.649073041086481,33.62858832990055
4.690390724451201,13.662081783474303,33.62468753210007
4.699906455494864,13.673061591255793,33.62195545150474
4.7073676075392035,13.682540526331087,33.62019671829021
4.713240650328735,13.690416638605603,33.619059684562245
4.718338764645274,13.696899247936683,33.6185187372782
4.723212234983331,13.701914474811485,33.618455211440626
4.727889208697222,13.705444545973274,33.61895869213205
4.732507734915643,13.707680920783146,33.62012878604217
4.737211568939407,13.708940924491976,33.621959222555624
4.742224029181764,13.709178626581785,33.62457902867221
4.747203654244,13.708474334104876,33.62815206143571
4.7524029072180864,13.70701533199955,33.633055008199435
4.757997545938651,13.704863859098017,33.63919891111102
4.763803166686316,13.70182037634186,33.64666144889445
4.7699746744103235,13.698023212758093,33.65503844255778
4.776461678973718,13.693290699118688,33.664163994524735
4.783087386538768,13.687465403657722,33.67353940331311
4.789886880971521,13.680664999120475,33.68308063894603
4.796323136456556,13.673057795193476,33.69307575102576
4.802115802333211,13.664690650035624,33.7033371226627
4.807112017952412,13.655971201803945,33.71382318137002
4.811129059448515,13.64703711340357,33.72425033326021
4.813911658981495,13.638170685289063,33.73454110537698
4.815342826147766,13.629660226362208,33.744409622662204
4.8154991123273625,13.621364849483196,33.75366017562497
4.814573102384797,13.613495690017876,33.7623008539842
4.81240257897256,13.605826348331908,33.770135095499725
4.808919338088456,13.598307237714117,33.77731894235465
4.803882165929413,13.590803060169552,33.783984676941486
4.797357844719361,13.583340477498055,33.79022382749542
4.7895330763268475,13.575990760465887,33.79655316359062
4.780578755644612,13.568842578538051,33.803380804041254
4.770243934808583,13.561785390942594,33.81075076674346
4.758970841296953,13.555284617178897,33.81855833386487
4.746837565318505,13.549244731278824,33.82657810255598
4.733509290301419,13.543834983269587,33.83432887888095
4.7194742062356045,13.53894234205594,33.8413586917216
4.704661090585967,13.534676419847582,33.847384308053556
4.6896070059996475,13.531048293009725,33.85209913109871
4.6746855203788495,13.528283252560103,33.855613165189766
4.659568485097592,13.526136962951762,33.857868145657015
4.644745313688503,13.525237085945948,33.85877964575737
4.6305979539591595,13.525559320721296,33.8587177860809
4.616953547217282,13.527089598505874,33.857879082791364
4.60406265436668,13.529883000892635,33.85604973337145
4.5917576225066234,13.533254065175331,33.85396400530916
4.580185827246616,13.536775496504001,33.85109230795523
4.569637215201448,13.539977185585295,33.847434492640204
4.559677496811239,13.542304147076367,33.84269463592718
4.551160350130912,13.543878566654566,33.83666144773401
4.544392621101829,13.544425828872637,33.82932802785335
4.538933605811847,13.544396409811831,33.82153604241804
4.535658886495639,13.544034750863648,33.81346996441995
4.533834665395161,13.54329705787854,33.80622931231329
4.53297172145921,13.542063098930951,33.80018283434342
4.533139118582821,13.53994313437802,33.79574814115461
4.534359790931122,13.536577428184778,33.792690953786575
4.536710727619206,13.532008069156275,33.79110368908805
4.540832458997815,13.525992544003588,33.79048024344885
4.546030544912445,13.518763952432046,33.79093624183745
4.552450266991923,13.51059079986544,33.792339366736336
4.559906307382899,13.501687973179887,33.7946378048463
4.568265129191718,13.49228832876114,33.79794860735379
4.57655387999899,13.482448248962262,33.801893820980794
4.585110010485823,13.4724177135288,33.80666920478133
4.593589929042287,13.462354376055218,33.812015846755884
4.601790756965206,13.452344344006194,33.81784295732581
4.609656491907316,13.442346722564762,33.82400245263991
4.617195861785978,13.432598197403506,33.830373816749805
4.6241542017219714,13.42313928187857,33.836835497263806
4.630649976408328,13.414023615568908,33.843300037618725
4.636140691582527,13.405580406546486,33.849542759033866
4.640457754775775,13.39823539695119,33.85565905402798
4.643867754024675,13.39136439341183,33.861750457131734
4.646438911996619,13.385250228912296,33.86800335514692
4.648509810198693,13.379364066639559,33.87442481797603
4.650348931491094,13.373987820512278,33.880971501531135
4.652111264401995,13.36901003865886,33.88762337257296
4.653650236128111,13.364290805633432,33.89427568184532
4.655010520278482,13.35986659298115,33.900919991763175
4.65609306587259,13.355725098288458,33.907333027613966
4.656881857360245,13.351603098681693,33.9137413527476
4.657530681370368,13.347473537329266,33.92026510115637
4.6577877519665405,13.343506849510371,33.92702062178007
4.657846855117603,13.33928110142659,33.93399319145893
4.657823752810745,13.334895378238862,33.94114492768965
4.657542381260739,13.330353819603646,33.94824956586972
4.657037063737535,13.32555784002289,33.95550049328568
4.6563465135237605,13.320750237156323,33.962690060278184
4.65534940112952,13.315343981123712,33.96973015397242
4.654332748577725,13.30972446128881,33.97671691408228
4.653271351694779,13.303820651836297,33.98339026870325
4.652426346808758,13.297472649772132,33.98970219039814
4.651922737812851,13.291122077958077,33.99536638240587
4.651802721657579,13.284515859711016,34.000499304959156
4.652368166127017,13.277932165115246,34.004944425786896
4.653251205100234,13.271270721567426,34.008786661686
4.654589741321157,13.265102374215905,34.011859638615505
4.655927351771525,13.259520060099758,34.01423129348663
4.657238731189283,13.254397201674498,34.01601697958589
4.658348197369619,13.250272017343724,34.0172225516095
4.659111845394217,13.247012863207893,34.01780729856187
4.659744978674654,13.244717626114031,34.01781759962245
4.660443497089492,13.243147435494734,34.017102435641384
4.661140008989256,13.24280376017791,34.015571063168764
4.661849414500953,13.243381558227282,34.012893033815935
4.662724422976622,13.245307838929866,34.00892737756404
4.663737438429871,13.248552618347262,34.00367581356875
4.664880529482318,13.253279944152693,33.997348674038946
4.666264072593321,13.259510264595773,33.989835676085605
4.667604352691542,13.267081531341752,33.98112659407202
4.669201048982697,13.275964604233419,33.971595608257935
4.670658365553581,13.285682336559262,33.96140479230127
4.67202456009446,13.295883217657654,33.95058531225412
4.673240987926943,13.306549617589534,33.93944390555397
4.674180275524463,13.317187250459792,33.928129589931565
4.674841531574188,13.327562491347333,33.91659477835406
4.6752464482576634,13.337635621160903,33.905040903765276
4.675346112446752,13.34704478174048,33.89321076797904
4.6754075544593645,13.356065352558197,33.88113571749213
4.675258168293108,13.364307510822298,33.86892567017266
4.674800933624053,13.37202916756461,33.85645960216885
4.67396882210462,13.379039073735015,33.844011028016624
4.672927170450296,13.384854132815617,33.831673121407654
4.671815115372734,13.389579925446862,33.81959256900773
4.670644315510744,13.392969329456797,33.8080531902523
4.669479436672095,13.39485696504999,33.797368314027736
4.668454310978156,13.395862161449864,33.78725652491592
4.667513900375395,13.395974977587949,33.77822320058077
4.666526673902229,13.395785770846027,33.769821137644776
4.665500021471502,13.395266682569472,33.762268183465366
4.664423050067837,13.395135012456976,33.75581630488243
4.663479103918679,13.395008909673823,33.75035844870436
4.662176401577229,13.395528669587277,33.746003577816396
4.660852234722895,13.396371663614985,33.74304909431049
4.659322922241708,13.397729381788642,33.74099619727014
4.6576794881413415,13.399653416030265,33.73986312695907
4.65593730426917,13.402529698906362,33.739518018582224
4.6541574693695225,13.406355496681185,33.73970885453381
4.6524523566174585,13.411125670320907,33.740208475936385
4.650746600913174,13.417095130659657,33.740673128607746
4.649161931421228,13.424614141064488,33.740958188088996
4.647435739502569,13.432962644671031,33.740891048701954
4.644824741624531,13.442390357943578,33.740561700164534
4.642033612338527,13.452549818929834,33.74004592713629
4.638472064896121,13.46353360794346,33.73918845114844
4.634749883217463,13.475038113882405,33.738121257448
4.630933406333069,13.4869785048149,33.73662062049206
4.6273438577699855,13.499182170606737,33.734486408342576
4.624025608083162,13.512138115555713,33.73146188146384
4.621040322758757,13.525147086554083,33.727500875867285
4.617591829002947,13.538301198739584,33.723035794667055
4.6140272470692505,13.55138416424759,33.718106747551204
4.6091879644953835,13.564890853127533,33.71301099391845
4.603596710461002,13.578244949735087,33.7078916739205
4.597299023630393,13.591853091709362,33.70265156371753
4.590460183058801,13.605518203410222,33.69727924181533
4.5835540544690145,13.61913366640302,33.691318157995234
4.5765555315327076,13.632499179484622,33.68486706656988
4.569576375745084,13.645059954159317,33.678242531140405
4.562702457479891,13.656674110972025,33.671180727543344
4.555570738102846,13.667184811441306,33.66412235118142
4.5482628283755195,13.676709110934889,33.65723947532097
4.540820169287428,13.684904592902534,33.650472612427016
4.533567538527264,13.69176722810479,33.64408170891465
4.526405188093436,13.69719977580908,33.63792140447149
4.51955744597238,13.70081157244649,33.632218440082994
4.513155791961728,13.702637403402965,33.62693750076749
4.506976050463018,13.702606082557828,33.622482099105504
4.501249775406817,13.700469271375331,33.61894555518551
4.495718718952513,13.69632855173114,33.61626370865363
4.490727848917335,13.690273423951487,33.61476709141619
4.486166214680732,13.68236680303894,33.61433611459566
4.4826159252900775,13.672636186698384,33.615232696866826
4.479893505150823,13.661360757590625,33.617009404548334
4.478116816119406,13.648486730733657,33.619396730698185
4.477426982591518,13.634644168024655,33.62206728455011
4.478076440089818,13.619449613702077,33.62468332695515
4.480077580358141,13.603328128398962,33.62705662791149
4.4836071287330075,13.586596661908203,33.62901011863207
4.488743522048654,13.569451200291946,33.630368965902655
4.496096801978343,13.550475948880022,33.6318265026002
4.50530610681031,13.529955563678126,33.63410652891693
4.516021806625162,13.5074666463362,33.637647095143656
4.527231840294533,13.484351097671587,33.64220179793966
4.539159010632505,13.462246988865894,33.64814659594068
4.5511168570612,13.441469071599096,33.6548241203628
4.561588303241504,13.422345304099279,33.661433383972046
4.570521580581256,13.404805919268906,33.66672641266672
4.577649272123347,13.387904880070025,33.669855596042396
4.5831282724211535,13.371683892023176,33.67090439618484
4.587032689569916,13.355619348144636,33.67025561999623
4.5890374626821195,13.340591456409353,33.667677011787625
4.589569396300419,13.327488689861083,33.664060783498364
4.589520603254077,13.316104533556047,33.659952662750285
4.5882583137337,13.306680499382864,33.65560444626452
4.586654795726849,13.299125126074154,33.65081581883853
4.5844388191190255,13.294222714948207,33.64538736726822
4.581497315929511,13.292375241753076,33.63904454654266
4.577591679612617,13.293248773366763,33.63210185200348
4.572710599585096,13.29667208551235,33.62459341932489
4.567384646163478,13.302068438532697,33.61666733812374
4.5623242875406005,13.308797484563657,33.60881853650658
4.557510205784521,13.316695597758015,33.60115858061903
4.5531620625618245,13.324792221989277,33.59387883261928
4.5485117841568865,13.332648853043432,33.58738317213034
4.543711347808036,13.340748260171651,33.58144042761989
4.5390477114531675,13.348981208803647,33.576385917433704
4.5348712549866566,13.357298317307015,33.57251338022152
4.531173477748359,13.365183361355575,33.570030749266095
4.528287028909579,13.372822852936316,33.56892620900015
4.525969054786851,13.380571073618391,33.569204183161034
4.524627936077627,13.3879880717883,33.57069823043214
4.523947878472009,13.394940972423946,33.573627328481834
4.524475960716353,13.401911735634139,33.57736548754138
4.52620089264148,13.408724281887407,33.58215819590105
4.528795186101088,13.415473467463306,33.5878250522967
4.53148412737509,13.421725677087824,33.59437245992432
4.534093004056191,13.428069012422343,33.601273129760635
4.536705906726948,13.434349421762345,33.608535548583035
4.539559768642979,13.440961353112025,33.61587166583612
4.542819243180444,13.447435061388378,33.62339237252251
4.546865141242717,13.453925633176278,33.630810887513846
4.551324489649165,13.460163649519853,33.63834305551174
4.555968106222824,13.465834779254452,33.64627939151577
4.56049136050094,13.470524413783737,33.65469062998338
4.564362250923542,13.474532369903732,33.663842429438844
4.567812254152075,13.477623270903148,33.67362018047295
4.570783309214041,13.479606954385863,33.68402756127644
4.573313744630718,13.480822705324467,33.69517248886478
4.575840980922138,13.481089567225,33.70684308421856
4.578573427055221,13.480414150918332,33.71884261175421
4.581334992542228,13.478524313813711,33.731127204119026
4.5838687859220215,13.475675553126665,33.74357359371379
4.585967222192559,13.471833422001502,33.756138030161765
4.587762728059529,13.467140079841649,33.76867329910229
4.589395407165084,13.461636823088504,33.781407757798576
4.591045245924935,13.45570767633945,33.793889448947645
4.593210216268012,13.44924177716098,33.80610547374946
4.595883234723619,13.442446699885656,33.817968920748754
4.598885037317194,13.43510370592104,33.82927169642539
4.60221400828615,13.426863736239387,33.83992033981252
4.604892667655214,13.417930460184387,33.850177462961994
4.606794713755665,13.408096841129973,33.86018903357117
4.608122142825504,13.397859836698032,33.86991880932252
4.608863378567274,13.387400484680086,33.8791085168722
4.609584543725658,13.3770130825212,33.887750941601425
4.6103031872567115,13.366511607370008,33.895640679997115
4.611170717944907,13.356337627878304,33.90262463040809
4.612342130722286,13.346025244611635,33.90864371996803
4.613662693609154,13.335272122326396,33.913697950227906
4.615087082209964,13.3240917570893,33.91782244842356
4.616882720717966,13.312639159794658,33.920896232353954
4.618773517000474,13.300872061830109,33.922871050304195
4.620664287434536,13.288861681132206,33.923954973468675
4.622593634140819,13.276299801591465,33.92436391140702
4.624563660671997,13.263383887477112,33.9242582534437
4.626256515410903,13.249802983936258,33.923715576054036
4.627783484819517,13.23551993463218,33.922563264226795
4.628959616395104,13.22083242001449,33.92068380289917
4.629789395986122,13.205239879596578,33.91797331176881
4.63027716951302,13.189395610432282,33.91450433966557
4.630307767098708,13.173074860897122,33.91031057809541
4.629933317439257,13.156291173325283,33.90588168808685
4.62890777902176,13.138715839061957,33.9016658175179
4.6273622121399365,13.120447951910492,33.89797569343033
4.625333324435459,13.100991486778243,33.895157633064635
4.623105460216652,13.080023938270351,33.89338817449466
4.620805186778736,13.057421344893859,33.89268450616133
4.619028762734297,13.03311871349085,33.893162406597675
4.617731475473329,13.006708838585768,33.895169963410765
4.616933929614682,12.978065750608305,33.89859857087096
4.616372759522999,12.946346694396494,33.90356517576724
4.615826405677382,12.911108904315943,33.9102299917944
4.615512168479029,12.872095705161414,33.91833823599491
4.615550988395401,12.829652696132017,33.927961089106276
4.615852429003756,12.784180545326931,33.93904365567997
4.616768234352724,12.736580670162446,33.95151230751375
4.618019523566188,12.687423913152523,33.96540266349219
4.619294205091267,12.637400329568074,33.98046686098105
4.620666380194272,12.586287428534499,33.99660796142899
4.622408900713357,12.53432558458209,34.01375598641633
4.6249379150952965,12.481276967065325,34.03155085483658
4.628239295302361,12.427380618523594,34.050259794576085
4.632628695752094,12.37255684191382,34.06962314740643
4.638069060881326,12.316698959427356,34.089614827271745
4.644060049653924,12.259649835570556,34.10991093092045
4.6503600621173655,12.20177391227007,34.130238273947896
4.657003097581205,12.143457927681162,34.15002348354581
4.663623501741771,12.085310502056286,34.168684100516586
4.670274636362392,12.027800636724168,34.18589480410972
4.67696133611556,11.971803233201255,34.20111053500595
4.683648538331166,11.9174786178079,34.21449206098892
4.690292911497315,11.865005954973244,34.22554806483964
4.696848947976615,11.814519284335201,34.23448676299894
4.70322604698355,11.766480021354822,34.241362049167776
4.709452888135771,11.721303867063126,34.24609516103904
4.715349086036008,11.67994234919501,34.248938465158965
4.720676937809961,11.642673935552201,34.24995679494764
4.725706184466606,11.611021276686948,34.24939416752981
4.729811100368136,11.584699621875824,34.24666235627751
4.732949569708194,11.563632850663943,34.242010892814875
4.735087893422303,11.54853428385457,34.23530425742193
4.735782970282371,11.53883470199396,34.226463211302736
4.735243108134499,11.535054598970733,34.21557207676649
4.733477628058902,11.537138404183375,34.20320195211242
4.730511421173257,11.545712181075164,34.18888504533402
4.727108367256679,11.56166074457451,34.17328001450394
4.7230455338873565,11.585374160241226,34.155568833649845
4.718456961369058,11.617411273612712,34.13592981276486
4.713891625676674,11.658689416955177,34.114367154092314
4.709220330349358,11.709483758671844,34.09083820498836
4.704466941070865,11.770033131658936,34.06535015462297
4.69975447648618,11.839884128421902,34.03799670014029
4.695117981614664,11.917672091481453,34.0090305455797
4.6902268924327135,12.002355064206414,33.978959253028556
4.68561614188545,12.092756002181112,33.94789939337682
4.681733226621023,12.188161179442787,33.91627009657526
4.678744221793585,12.288513212309464,33.884193707107954
4.676372489366198,12.393414497434858,33.85260124777096
4.674804837305851,12.502685823709697,33.821048081594995
4.67339984918858,12.615519732644772,33.789817776941725
4.672755913731298,12.732111848351769,33.75862149316757
4.672423464953657,12.852075783292825,33.727412454948784
4.67249352060759,12.975054086163357,33.69611346012559
4.673088477979172,13.100950911956373,33.664625889811774
4.674259596032283,13.230365171809588,33.63238185174994
4.674947069032605,13.36304310959863,33.5997221208557
4.675476276045131,13.49868394486717,33.56582627778012
4.675365786937407,13.63636200143082,33.530848179226
4.674635212592159,13.775607929741614,33.49448263544797
4.673526051881497,13.91572838498268,33.456887168510825
4.671649590763049,14.056406019607694,33.41797932492315
4.668225713404574,14.196582975032616,33.37849151785331
4.663780881414725,14.335945671698214,33.33805167159056
4.657908976523333,14.473876097134283,33.2972197113761
4.650913414047023,14.60906014752749,33.25690819456012
4.642829722404783,14.740788432441025,33.217979365516186
4.633655091075231,14.867991528165144,33.18171150539396
4.624172598742149,14.98962241358829,33.14890387216393
4.614232519564158,15.10544700151184,33.11963617674222
4.603693033711581,15.215090107313499,33.09422318098466
4.592971696283716,15.31817831796216,33.07214482136315
4.582083858354011,15.413993667647173,33.05375983803675
4.570947415023205,15.502240205054756,33.03881302025776
4.559531457722715,15.582376364625304,33.027373866475514
4.547426732160167,15.652907942795952,33.02204053505677
4.534916670066355,15.714390854255287,33.02045533160024
4.5220947450460764,15.766456640255656,33.023033684330315
4.50887213507007,15.809906094503187,33.02840303822571
4.496071684362496,15.84532205840092,33.03627674500962
4.484080541566529,15.872286284329185,33.04698683119873
4.4733430104624,15.890734699586952,33.06106969673646
4.464238422368127,15.900786113012579,33.0782723783316
4.456493182397532,15.900576666605975,33.10136395900401
4.450309018873319,15.891347233658957,33.12842592048013
4.445349509614836,15.872334482552652,33.159323849493646
4.441133322944113,15.844089249729468,33.19313724495135
4.437333213042046,15.806273966271082,33.2294188234352
4.433551799735493,15.758985148273958,33.2677231472346
4.4296697126156275,15.70273558539036,33.30733080462523
4.425411941099801,15.638447601136866,33.34820114429236
4.42071447919424,15.565952370558936,33.389979060935694
4.417302812122448,15.48757105944546,33.433023737644874
4.416169297899988,15.40317123379566,33.47725365305503
4.418089121999646,15.313175822554028,33.52262355927659
4.414630707016199,15.21523619708668,33.559017359915636
4.403381409325261,15.105771493713517,33.58665255640064
4.382085340179807,14.983080700146989,33.60400643220071
4.351673052783396,14.846496824225323,33.614045092305076
4.317653227663603,14.696353658918326,33.6249754325288
4.289065636034525,14.53763331118493,33.64481203408325
4.269697282739286,14.37254354797424,33.6766280817433
4.264965313202682,14.202908720329466,33.72521211562915
4.263472479562937,14.027347651049606,33.774043602685616
4.262624048959105,13.845385768650566,33.821284423185205
4.2629024990623705,13.658040263800348,33.866431504127505
4.264237498079394,13.46648541193503,33.9089163276206
4.266461294251178,13.271214429251472,33.94871027408752
4.2702911943921364,13.073380969829769,33.98624570308199
4.275401815343474,12.873573502272903,34.02099740339205
4.281551669682539,12.672381276760525,34.052733704460486
4.289867147107671,12.469664878319932,34.08125322168949
4.299110909648195,12.266772571513359,34.1060156756108
4.309103842055357,12.064008150290315,34.12689249337735
4.31893143324209,11.862605905884209,34.14409940397548
4.327749684733844,11.664431140977051,34.15829548470566
4.335083614094123,11.470805275486104,34.170584392066274
4.3408801899266525,11.283699744928446,34.18190055720356
4.3444262446692,11.104169477579921,34.19240881514268
4.346307837983637,10.933019333848824,34.203074975225746
4.346415124102684,10.770464798452291,34.21357990632149
4.344667228817074,10.616412348743163,34.22363568418317
4.3420613711286045,10.470801001698879,34.2327181033337
4.33921272629125,10.33404463524542,34.24094790926154
4.336424054955071,10.205989725947724,34.248401231372945
4.334077926275096,10.086710456741727,34.25529861323146
4.331871126118347,9.977391096974896,34.26153196089113
4.329561954732171,9.878403361668278,34.267150639865186
4.32700831103083,9.790626330047031,34.27171004150832
4.324571168574075,9.714598901976405,34.27542041207744
4.322830303544753,9.650182013503159,34.27791706879382
4.3222720533162455,9.597723569421909,34.278790096033646
4.323239608049684,9.556630768235387,34.27861532095744
4.32615067321272,9.526641363768384,34.276972498247495
4.331278822307276,9.507794284069856,34.27405676168442
4.338261653283206,9.49920786457042,34.26970935984516
4.346796938549106,9.502062594890756,34.2639050206511
4.356912480689746,9.515980830793001,34.25646512660535
4.368315488861245,9.54110015234473,34.246516032227994
4.38077396564684,9.577235292172931,34.23371513665964
4.394587310395513,9.624127170657966,34.218672364979305
4.409275420349379,9.680898054363725,34.201850823478324
4.424785674515479,9.747931434263187,34.183653416710925
4.440537308477882,9.824238673009088,34.1645179296096
4.456449782908043,9.909602697803772,34.14478420496584
4.4721246415677784,10.002919988303086,34.12468413367675
4.486780861409459,10.103842609197464,34.104266191311446
4.4994884177058285,10.211788957666888,34.08316278388842
4.510788425800431,10.325608547507105,34.06145583543517
4.520377355359989,10.445542266228895,34.03918934641323
4.529200723106971,10.570996658066406,34.01630680550432
4.537856612320755,10.702040155994238,33.99250834518244
4.547415062992083,10.838314149998022,33.96817691325618
4.556745863742681,10.978926407402154,33.94279737738546
4.566479512193107,11.122001597069152,33.91643077252182
4.575927365960061,11.266780585556367,33.88939983613628
4.585181597687655,11.410684608153993,33.86131959554398
4.594337792422504,11.553338517879617,33.83226477601522
4.603970714192113,11.694153484491407,33.80236755302061
4.612812506670557,11.832057747794218,33.77087296398839
4.621481958552558,11.965724567887863,33.738724746252245
4.629128076482792,12.094873688951576,33.70616397765114
4.637406947935076,12.21930267399562,33.6742411306005
4.647117499989549,12.338625613179262,33.64411004857441
4.658038677488559,12.45293545746611,33.61498094922157
4.668578765356152,12.560463313226515,33.58724346523377
4.679997235177564,12.65896807033096,33.5627423413176
4.690784069649924,12.748413582424407,33.54199417144241
4.7007414960849125,12.828721876219165,33.526352100414165
4.70960397175428,12.900892257462791,33.51668226806558
4.718471418684045,12.967044280289613,33.512113823323936
4.726633343976159,13.027671590042349,33.5128265165506
4.733760265273506,13.083712082695785,33.51651313713075
4.738887929860299,13.134083110658453,33.52220552008882
4.7428769481054704,13.17779429710338,33.53072830552646
4.745978212689293,13.214936370627267,33.54145084892331
4.748081153473069,13.24562516498608,33.55503255406856
4.748909725493514,13.270899977356846,33.57083529010758
4.748700134555334,13.290987505484182,33.58867497286055
4.748012045263937,13.30657267943288,33.60800347062306
4.746755879332333,13.31890294092441,33.62762771841425
4.745229306570814,13.328442542259488,33.64692689909061
4.742087500635482,13.337504472813036,33.66475674798536
4.737845126161817,13.34625546213075,33.681511038687745
4.733848666853598,13.353098435283936,33.69879313624071
4.730110443951823,13.35882217522244,33.71586295135053
4.728226999274236,13.362304236070022,33.73352452073343
4.7291139097131305,13.363303975941156,33.75146259852299
4.734156438180155,13.360647993357901,33.76960535383104
4.741942245101354,13.355922642012075,33.7867454259531
4.75103120988311,13.34941153732551,33.801819575333546
4.76018172153821,13.342441436756932,33.81465264842835
4.770489793430463,13.332261456537845,33.82629576792971
4.778574709060809,13.322546721366951,33.835728300872205
4.785792110163311,13.312667144663733,33.84245529490893
4.790531078210654,13.303549504270975,33.845677467354186
4.794319521799501,13.294099855621548,33.84577563267341
4.796448893797361,13.285271897252615,33.84218218429099
4.797723215634978,13.277187908499988,33.83500454375179
4.797952440787937,13.270430501245,33.82397455844965
4.798939561715029,13.263535071206286,33.80898419986599
4.798697056376994,13.259187698971171,33.78929150144572
4.79796466218591,13.258472890867152,33.763977517302024
4.7964198587798075,13.26145633261304,33.733273194938576
4.793930265947295,13.269665973398848,33.69715099094626
4.790686494284522,13.283831194481165,33.65620753341728
4.786772649132024,13.304130445234936,33.61100692397891
4.782066009258521,13.331476759298333,33.56111638914009
4.777473370659864,13.366716264881799,33.50590176643652
4.773024090344189,13.410626963087275,33.44511286524022
4.768724218652663,13.463857155255972,33.378388477420444
4.765949105289425,13.523137930145403,33.30739940457383
4.763459279567902,13.58846861154565,33.2331775766831
4.76091996791103,13.659112775627474,33.157062136631545
4.757863698602442,13.73500203932145,33.080361925342466
4.753390397840687,13.81711558632822,33.003463670528184
4.747852082625034,13.905856603220332,32.92731442337877
4.741296255423957,14.001467670328337,32.85230459855571
4.733800562460245,14.103636106142986,32.77865984477988
4.726770884796625,14.209119767525527,32.70734698947983
4.719548293212718,14.317172757930527,32.63897388807535
4.71283850058445,14.427596833074766,32.57340030496903
4.706797838760229,14.5400188111462,32.5112146944109
4.702302815224084,14.653945160435988,32.45227742915297
4.699449817499445,14.768768693393287,32.39693222739266
4.697563101135264,14.883787460823378,32.34571404411123
4.696049452522536,14.998388485721879,32.29846811597408
4.694600160969982,15.112448167586944,32.255278068746726
4.692287317408441,15.22552454115023,32.2168629059152
4.688803791660719,15.337620195449324,32.183245917899164
4.684265165630477,15.449079495502017,32.15508508175939
4.679134232152753,15.559228834262438,32.13259038230955
4.673453491030561,15.668241262713948,32.11625815867508
4.6670129092576715,15.774985212164028,32.1065984379543
4.659496259192276,15.8787119832067,32.104296143922234
4.651179837627407,15.978136451602555,32.109335840945214
4.641976300208339,16.072310929700038,32.12158216462024
4.631335877467599,16.159196230406646,32.141417008588554
4.619474542234503,16.238416071227142,32.16783721444387
4.606163042918434,16.308925237115854,32.20083542780291
4.591614278096758,16.37027024652581,32.239608654487554
4.575934444345001,16.422208525027667,32.283357216269444
4.559772256474095,16.464177148731746,32.331681099944596
4.543789751511994,16.495887558105345,32.38437483040801
4.528240614000384,16.517010580016372,32.44063432896514
4.513518933139135,16.52676511834313,32.501079884537894
4.49876532209659,16.52579494245808,32.56479227816784
4.483947983901619,16.51401494474935,32.631468498539164
4.469363819842717,16.49145657121256,32.70029191044748
4.455096315372156,16.458373267677867,32.7706020434904
4.442192058695138,16.414849637974175,32.8421737694444
4.431252091085418,16.361206208842113,32.914538607483216
4.422104872660707,16.298582838663457,32.987282515641354
4.414948258674276,16.22683402035687,33.060483946500064
4.408330707656431,16.146844432744782,33.13387862955348
4.402369477702041,16.058840617752185,33.207012348017194
4.397219698046382,15.962153494148707,33.28008087649399
4.39267363868024,15.857152944131236,33.35276136863165
4.388717643829711,15.74451138369282,33.42498609016351
4.3849853667122725,15.624921537469723,33.49592196845884
4.380775101759571,15.49932542011998,33.56516681135664
4.376356335291281,15.368147517543955,33.63234661779904
4.371780270522094,15.231599111576578,33.69766097031504
4.367658467494813,15.089931209678928,33.76063489186298
4.363961985184654,14.94300264279881,33.82115880988724
4.360920106673747,14.790969317799712,33.8794073145011
4.358832167133385,14.634010012413585,33.93507176249509
4.3574928219236275,14.47235568988647,33.988305224346334
4.3572561902704035,14.306344256652473,34.038941692740664
4.358520742943924,14.135423734249178,34.08714410778065
4.361364023710135,13.959218168210594,34.13336649245601
4.365204358462617,13.777150752351215,34.17743299209563
4.3693839465155095,13.58855497403339,34.21938556627314
4.373261261122052,13.393338100582735,34.25892472084156
4.376268697563154,13.19191570546704,34.29612456857628
4.378891700627698,12.98531500706943,34.33038210175815
4.381402673412645,12.774990407489216,34.361731014914625
4.3847776714518,12.561650071853183,34.389674328636765
4.389557051942682,12.346637787427458,34.41431072017753
4.395540772005551,12.130747895846378,34.436053475702906
4.402070186466635,11.914876203692273,34.45469505501507
4.409199189000464,11.699487918694777,34.47056025755475
4.416522470985865,11.48565808770331,34.48374828912684
4.423579640401662,11.275127151352779,34.49429303957588
4.430260632197282,11.06942898548396,34.5028666260124
4.436182011056225,10.869964620585417,34.50991617975504
4.440982612044286,10.677797680008371,34.515655701097735
4.444851987566273,10.493133166454847,34.52001774955546
4.447390770683341,10.31590284521093,34.52267538048728
4.4494378793660045,10.144659933157053,34.523077328083836
4.452115754096576,9.979394895526772,34.520733103554534
4.455938529377421,9.819792466092096,34.51588416649609
4.461427844480637,9.666419311238663,34.50864511171992
4.469109176324377,9.519799902289549,34.50030223901125
4.479150413026117,9.381274743291792,34.49184141479749
4.493051148154065,9.252133836890467,34.484518294078704
4.50778506712304,9.131883302000835,34.4784239722942
4.520898443752634,9.019853268077993,34.473472575697066
4.5304875799297335,8.916500189848596,34.469285034251556
4.535214538946863,8.82085344627584,34.465211313522126
4.535640940557455,8.73301969832497,34.4601503921531
4.541022588806545,8.655645045007244,34.45445804157929
4.544756919920428,8.586412428767186,34.44622036510264
4.549810024052644,8.525847996261414,34.436135258923784
4.55649610745691,8.473622932603584,34.42387062629987
4.564428631179509,8.429011140225215,34.40930173253832
4.574104146568233,8.393781454626932,34.39347454588965
4.585494745733016,8.368314804369579,34.37667123734238
4.597948079995816,8.355014623409629,34.360412724469334
4.612689843258184,8.351414336642016,34.345623131672326
4.627196375315878,8.35689768476846,34.33175826224368
4.64035243423675,8.36914085444377,34.31818747586024
4.651408453074131,8.387263654710127,34.304451331830776
4.659808776166301,8.410837575317693,34.289649379435296
4.669970659560596,8.441642819503192,34.27429186246961
4.678099075766213,8.478414636898062,34.25822643233068
4.683968778648081,8.525423175507603,34.24241427231601
4.689732657855658,8.580529730433785,34.227870726740946
4.69419076306712,8.643097223035607,34.214569910248095
4.696729305771973,8.712247267121741,34.202050813699046
4.698089399455847,8.787241235737111,34.190160818127886
4.698848557444343,8.8676164060937,34.17907068288087
4.69900172616652,8.95231273813461,34.16809903519507
4.699070670077024,9.04051210951626,34.157691611052726
4.698199233981476,9.132845834924304,34.14675363260328
4.696915128818963,9.22680014795199,34.135296220324214
4.694846679503499,9.321280413258691,34.12350647937598
4.692230641078895,9.414694882023058,34.11187707810743
4.689555133059106,9.506959960646133,34.101043073181344
4.686430804891699,9.598665105785038,34.09187192780852
4.682983263662919,9.690405101049322,34.08456218903501
4.678101566984688,9.782954014417973,34.07984616803933
4.67200476481687,9.876598467110496,34.07655149311991
4.664997162233394,9.97054326884486,34.07456675919386
4.6578194437697205,10.063162022973184,34.073984620032846
4.651166579579195,10.15414480626393,34.07507985255845
4.646292090032375,10.242712895474037,34.07879163809876
4.6427088163809405,10.329542979604824,34.085254550546146
4.640469571781115,10.41417007428266,34.09453839458771
4.637972148831177,10.497339136784767,34.1064540435625
4.6349994652153725,10.57891250274546,34.1201401607902
4.630230235898632,10.6592533970815,34.135030698142
4.624755212285429,10.737715703667083,34.15134585320776
4.6187115869192406,10.814407964839665,34.16880919815975
4.613302416063744,10.889013767741039,34.18757950175852
4.609830104993126,10.960146891268934,34.20787870743012
4.608739200113872,11.027890182114586,34.22942464505369
4.609582779657616,11.091509347090781,34.25188540962396
4.611726200267943,11.150370154441756,34.27499434046726
4.613868379178149,11.205067572845653,34.29874691966261
4.615022788645869,11.255196395013535,34.32228908117107
4.614822892112969,11.30086468820516,34.34569887392402
4.6223190804957355,11.337318460878032,34.36903899181581
4.6173987923588635,11.373768690923189,34.39155379159572
4.611949501199258,11.405351122143951,34.41372635884632
4.6068049895245995,11.431790083791924,34.43584060927012
4.601809871977665,11.453639389723987,34.45747411813585
4.598828990501634,11.470868535278667,34.47910315483665
4.59732531090442,11.483683174541593,34.500434321232014
4.5969802823044335,11.492194462952606,34.521165688574456
4.59706111533567,11.496613270194935,34.54116690327815
4.597425507440044,11.497442225412252,34.56030758639253
4.597625522757038,11.494569274280346,34.57829656553275
4.597586387684241,11.488398494807196,34.594781676579586
4.596038080667163,11.47980376480504,34.6089165901692
4.593591128981426,11.468141709929839,34.62064098802899
4.591719417011699,11.453257813677865,34.63057576117523
4.590848106915468,11.435546192626624,34.63917244488577
4.591707215074834,11.415307037301785,34.6465025766145
4.59478059141583,11.393374070117119,34.65254323669377
4.5989736585389815,11.371559497987867,34.657140726244734
4.603849781498654,11.35059085407176,34.65952863173293
4.608066982539737,11.332436814977749,34.65897023816172
4.61113007709994,11.318970074821591,34.65485853012027
4.614383945891373,11.30935273484561,34.647478046132306
4.617992618075,11.304805057003898,34.63686902271976
4.6218312353621265,11.306023020043515,34.62246450390391
4.6263340676183216,11.312790176952559,34.60408390785823
4.631056648863944,11.325178018506133,34.581935978772556
4.635633850511366,11.344105991489212,34.556023856345284
4.640130068386408,11.37005924349406,34.526269773999076
4.643911279565166,11.40456408766632,34.49320005931837
4.647899336491898,11.448714675445865,34.45776810087741
4.652084323581999,11.50340441423669,34.4209097560422
4.656766627101753,11.568919986446335,34.3834522309061
4.662457508349866,11.645289231937802,34.34554680386444
4.669101375166278,11.730943740395183,34.30768105701459
4.676181384891654,11.824576575470859,34.270567322139634
4.682340645792281,11.925369110978071,34.234556519925576
4.686699153779802,12.032637807720828,34.19989961827682
4.688665459810351,12.145258441165314,34.16702606978071
4.6872917297778125,12.264197190402767,34.13528440344935
4.684061017277475,12.38800365096622,34.10461845205531
4.680593491466223,12.516224957687008,34.074309793067464
4.678592573562375,12.647882564162416,34.04459920680715
4.679225025914709,12.780907553989966,34.015718608841965
4.6832324487926495,12.913627328845632,33.98943050685244
4.689418390957111,13.046189530899845,33.964917473064936
4.698404267355148,13.175752501666752,33.943269477699225
4.708419299036877,13.303093199129298,33.92368800950252
4.713191682961557,13.432058908847148,33.90588431461251
4.723031711881735,13.551795759612492,33.88943369947179
4.732117591798555,13.667981108150773,33.87329925639545
4.739045569021246,13.781136045126804,33.856772437116206
4.744868283174316,13.890175519376434,33.84090277300451
4.7479513258583665,13.997406027504061,33.82383600760912
4.749782077569571,14.102481723218633,33.8063092846117
4.7511540300977915,14.205338573562862,33.78795975760195
4.752413446580238,14.305707380904463,33.76889492802461
4.753367971238558,14.402987642606298,33.7499030427482
4.754169465806571,14.496458758015486,33.73145608219026
4.754454367477978,14.585014394774479,33.71440007125439
4.75373832557751,14.668765022304573,33.698963955248786
4.751271010462407,14.748070125327311,33.6847543313156
4.746948651877802,14.823210041944067,33.671532504827454
4.741384723627848,14.89453239999885,33.65875230833775
4.73498977250959,14.962035905877784,33.64642095274274
4.718807824439726,15.024629831852112,33.63526070639397
4.686135300396764,15.081066205483564,33.62599220822577
4.637933035128358,15.130571606777698,33.61860036046439
4.576728479694482,15.17309641031187,33.611715312843074
4.512974932466113,15.209614649966774,33.60428272449717
4.46096683259213,15.241132349459381,33.59764685863676
4.429371432204758,15.269432859069578,33.59402254350426
4.424615487623242,15.2959844246377,33.59605508081427
4.435638770571177,15.31953002501007,33.603143384708076
4.449348857831637,15.337351213410539,33.61387988307702
4.464956702109279,15.348728484039212,33.62806726277898
4.481570539971638,15.352774308906266,33.64504894797836
4.498049255113116,15.348303278721898,33.66426339680427
4.515994401836246,15.337122426613828,33.68400069128493
4.5374049774840115,15.321770718277506,33.70156038988103
4.561239542800741,15.301756874222049,33.717754429987934
4.579920229468169,15.270362158767899,33.73255886755058
4.591765195985133,15.2259107844922,33.748365484869744
4.592875972535669,15.16532479386458,33.767209309618586
4.584649318194043,15.088850778518445,33.7904088199432
4.570396977014692,14.999574762924095,33.81859393240858
4.555547716250678,14.902878146873874,33.85120433887138
4.544885920829233,14.803735890358494,33.884980099837804
4.541456223426025,14.705014752540704,33.920270788388464
4.538283178245462,14.601413013389218,33.9557765760266
4.535562976460232,14.493294282837244,33.99168364116983
4.532860911308984,14.38042465267307,34.02779952018355
4.53018733479372,14.2627532135085,34.06442298731459
4.527602288113425,14.140050196471627,34.10141168306749
4.5253894355747075,14.012490915631757,34.138850799992994
4.523791444636966,13.879911155456913,34.177012413577685
4.522904460005829,13.741951586861271,34.21570745591767
4.522544917351476,13.598286574610864,34.25496687357295
4.523184250898034,13.44879614462757,34.29488876906872
4.52443619432213,13.293652450065803,34.33477419160165
4.526225023849707,13.132901780163069,34.37421901789998
4.528922403178338,12.96775044678001,34.41292822926561
4.532148925917078,12.799152876789245,34.450496746517175
4.536944978978386,12.627490107084665,34.48696107163284
4.543594898758132,12.453678911067051,34.52248491230421
4.550624257450706,12.278066803322721,34.55677328556099
4.557951093814735,12.101635948476792,34.5901598205268
4.564661723676809,11.924901559414558,34.62218007875563
4.569766475977344,11.748768444095946,34.65302333689038
4.574188763059871,11.574173714763512,34.68266695628061
4.57787915380963,11.402821409524002,34.7109054895574
4.58226772870145,11.235067973257093,34.737859224045266
4.58763071787042,11.07180955053904,34.76349835598662
4.593009741405555,10.91338177674317,34.78671540359863
4.598509204631586,10.761146723222778,34.8080016377396
4.604231826952102,10.615294392094277,34.826324879429414
4.609558290472513,10.47599342031945,34.842657690561694
4.614544023074127,10.344277428968299,34.85716378512154
4.619140591396777,10.220447567556953,34.87050594007461
4.623679572214122,10.105455097742157,34.88322907761721
4.627765564566514,9.999894463801,34.895127286177825
4.6310252881327525,9.904081224248227,34.90500272102197
4.634469717901518,9.818736560391583,34.91214941697234
4.638750044297564,9.743002803274694,34.9151508629996
4.644192261730946,9.675714536337784,34.913683274827946
4.650696792903186,9.615043065060867,34.907825742124395
4.65870623945727,9.559830085141996,34.89847531152711
4.66890390926115,9.510002617234084,34.886103993477526
4.680802964295421,9.464331607162709,34.871123972720966
4.693360304849789,9.423826323028814,34.85405352150956
4.706306990203545,9.38935781736119,34.83593704303513
4.719202954047402,9.362636092841496,34.8176512012943
4.729696639380374,9.345405526978771,34.80123874928958
4.739448835036242,9.338485712070984,34.78593685778616
4.7473593115526755,9.342080738846697,34.771062972667984
4.754449981035155,9.357414926916462,34.75548503227035
4.761183001479614,9.385530965295947,34.73848233176192
4.767873383184815,9.424799009326712,34.72048632504586
4.773388677146579,9.474325584084674,34.70123825957578
4.778588170378146,9.532736846033133,34.68126870987364
4.781590292883053,9.598707678089355,34.66244064892606
4.783525182285941,9.670450792790941,34.644794265692965
4.784576748464011,9.747123204208307,34.628016484608054
4.7852886043881355,9.827476693706425,34.61218499065657
4.786685944413283,9.912808624018517,34.597072213263296
4.789383219760045,10.001441189218179,34.582872419395486
4.79222359721986,10.093937187144078,34.568843380983786
4.795122181668087,10.190019309035439,34.55569940457069
4.798159793552572,10.287911300039168,34.54275649170862
4.8011179767802865,10.386675622011253,34.530894704920286
4.8045076382401914,10.485046085799516,34.51983753360396
4.808725201691123,10.582159691002568,34.50964552037904
4.814112582606082,10.676877787528422,34.49999831244143
4.821536961819054,10.769168965025235,34.49206365134653
4.829185860959269,10.859056791258938,34.48480641513637
4.836376429645363,10.94777097332986,34.47922769984613
4.842646174242395,11.034320036635618,34.4738946487178
4.847837825306324,11.118264776260624,34.4686852815515
4.851714952026425,11.200328472624422,34.46368218263181
4.855399606247143,11.279863255108637,34.45991356649637
4.859419362335795,11.357125423289146,34.45797603240844
4.865331322156316,11.43202966133573,34.459059622018025
4.872724705780586,11.50490807927783,34.462652218777244
4.881728815787932,11.577430764578851,34.467933990469135
4.890917914739172,11.649528212822652,34.473904855407525
4.900214268351813,11.721681654310727,34.479914950265
4.908747406187453,11.793791269275868,34.4850878929539
4.91667535371316,11.864958530013292,34.489241356026625
4.9240452013007,11.93569738188099,34.49220832941948
4.931824865595669,12.004827846317898,34.494446410562375
4.9399956081675125,12.073573688534808,34.49541253723593
4.949078639011396,12.142608118835655,34.49531486217121
4.9579199119816595,12.212974269374525,34.492373077593875
4.967434075013764,12.284514139967893,34.48604795246064
4.976988320797147,12.357442569984498,34.47650749756378
4.986843513229893,12.430272875752486,34.46333355765928
4.99715410505293,12.503211954808151,34.4466402729009
5.00798054583188,12.575245298627289,34.426758983499894
5.019528168877909,12.646772962591509,34.403150434272625
5.032428722668217,12.71835588457903,34.375808732914024
5.045344516012877,12.78904469909879,34.34520921815609
5.05948108826074,12.858993381503714,34.31091276316023
5.073879714113637,12.927905462834998,34.27397067445665
5.075385333715402,12.99394311845009,34.23441590244171
5.090604565268774,13.057319656067163,34.191799057046325
5.1060348022258895,13.116473119200707,34.14653113592242
5.121337574678012,13.170653016923787,34.09913291540144
5.135687442310719,13.220696571696063,34.04914213962126
5.147676434076638,13.267976316082878,33.99744706316041
5.156851279715134,13.313292350127842,33.94441497573138
5.163118824072801,13.359592956215069,33.88945393985461
5.166483858304379,13.403032392951348,33.83382655270105
5.168155759748161,13.444297694546682,33.778861264045304
5.168068262208889,13.48479059438378,33.723969258069765
5.1665422088161534,13.525170840465009,33.66900742241159
5.1632483653740024,13.565818575984634,33.61405487717995
5.1588297675756145,13.606666563154914,33.55973156969209
5.1530639952953745,13.647902964721538,33.506141062981534
5.1465581358904835,13.688924507487197,33.45391198043668
5.139711954214537,13.72981711211519,33.403096317973635
5.132588793727306,13.771199917759574,33.353617449292834
5.125800120435104,13.813676309045087,33.30509143978586
5.120334793793169,13.859084479453502,33.256328953356665
5.117000119406847,13.908356909315089,33.206835682112974
5.116713288385179,13.961062422608173,33.156822060081154
5.119348962293007,14.018438961677694,33.1059509654095
5.124587197307044,14.079280308338657,33.05503351717687
5.131437338676777,14.144018308875209,33.00431700885056
5.137515955080215,14.211984067919733,32.95507789420339
5.136980810092803,14.279856949228215,32.91217961503744
5.130769016986594,14.349465921399487,32.87509005870917
5.119668508158099,14.421713454451467,32.843720480067915
5.106227430126906,14.49733927713826,32.81720509821709
5.094218735698848,14.578574344727235,32.7931998341499
5.085201430664309,14.665080311274288,32.771022689918304
5.088838781615375,14.755655148966762,32.750458110325496
5.086569933125075,14.85023669059578,32.73134750700718
5.083882255374878,14.944526235798481,32.71744663221366
5.081129015875098,15.037832224396482,32.708673349233756
5.078142223630502,15.128946737205068,32.705122162154055
5.074812691723377,15.217118213467064,32.70684021839619
5.070942319922206,15.301285530973123,32.71343360152977
5.066408443984,15.38039783954299,32.72475625365161
5.060783187930088,15.453913732321825,32.74057381569015
5.0551331136259385,15.522059331461477,32.758943447983185
5.050048945685833,15.584071359970494,32.77938380146179
5.046552022883361,15.64004680711354,32.80094186807527
5.045313871468663,15.689438248842913,32.823270556685415
5.046309552846134,15.731510870113013,32.84690747361737
5.048575720028563,15.76671417587789,32.87104338865335
5.0513320811700115,15.794590797653777,32.89584360790772
5.053549688150877,15.815532475137841,32.92168924183205
5.0554101813895205,15.82985548804086,32.94832345139008
5.057199127609259,15.837600139746431,32.97610274226889
5.058636256782925,15.83928848888203,33.004497605905286
5.060230361424557,15.835031839482703,33.03289271354957
5.0619424201000704,15.825388807307911,33.06142172818855
5.062328630840305,15.811601249343955,33.08913284680208
5.0612171736702924,15.793839540683344,33.11641129901611
5.057786995466424,15.771851999920655,33.143986738068065
5.051939686722109,15.745602435713835,33.17202547605033
5.043542974611873,15.715322829500945,33.20099541229867
5.032247646663441,15.681991988705914,33.230112390989746
5.018721479034495,15.645927933723362,33.259645658049564
5.0044267075880775,15.607039903531442,33.289816285307886
4.989136542320526,15.564213017036428,33.32109357928502
4.973472361403143,15.516720281748404,33.35376124758228
4.957288128570474,15.463486706399781,33.38760027943675
4.940789976400718,15.40340857819252,33.42262079290377
4.923810222854715,15.337059110505379,33.45851867321266
4.9069573430829125,15.263927096139556,33.49546252476622
4.890933089313117,15.18407067018317,33.53358583636929
4.8767161478842365,15.098136181688982,33.573427448468195
4.863727745271785,15.004929919104669,33.615376733678595
4.851989730316498,14.904282146591662,33.65994792695236
4.841098136747925,14.796487557148547,33.70703752767253
4.8312590379575315,14.681108436328142,33.7569524224228
4.822654447399185,14.558535452014242,33.80943919829291
4.815249255981093,14.428815298666088,33.86402489632593
4.809129342934095,14.29209213127141,33.920202004148805
4.804441572823882,14.148932256799881,33.97675830604535
4.800641863921829,13.999375162982995,34.032823231496785
4.798049912956425,13.843466959004935,34.08771026626234
4.796858505250629,13.682558286394542,34.14025953430621
4.797555536438894,13.516701873510646,34.19070263418411
4.799623078386279,13.34683112764511,34.23864344357625
4.803297101372884,13.17321933751016,34.284173197207025
4.808165120309004,12.995805887110127,34.32702443637745
4.814514962096233,12.816217608050525,34.36657231088366
4.822159710712072,12.634801135935682,34.402400895739
4.8305121854462385,12.452593620496408,34.43416823742278
4.839109792361461,12.271305213626528,34.46110461870373
4.847283581705803,12.091351939061347,34.484635425456645
4.854334171407664,11.91321113167712,34.505005203894605
4.8610575896883566,11.738265077803742,34.52258794386609
4.867267527107305,11.567523633922207,34.53792985022479
4.873458993037759,11.402538815329756,34.5505528295009
4.880254711846492,11.244082251657463,34.56083942747794
4.887135964266167,11.093006893578707,34.56881721758242
4.894794707960342,10.949705019589105,34.574300129270206
4.903169954853204,10.813092716759042,34.5785481033737
4.913889917929509,10.68267865603995,34.581679870420906
4.92568378497271,10.557803594214837,34.58418044604428
4.938286711770998,10.436962610948328,34.585671186155984
4.950889636806323,10.320321345968646,34.58609769371145
4.963108679473772,10.207562789750982,34.58529554036583
4.9748275588424375,10.09957611488101,34.58324672668643
4.986156836563612,9.996845197338166,34.57997454851264
4.99652096911469,9.900285522152709,34.57567878946139
5.007489580836587,9.810513132352973,34.56994067687503
5.018036076078126,9.72790214553925,34.56302263303745
5.028335445474179,9.652818053694629,34.554159203635734
5.038549601531276,9.586113431649242,34.543831802026546
5.049228334774937,9.527830785034999,34.53285938997713
5.060610695733805,9.47889984265453,34.52210891622506
5.072718637048936,9.44021734550848,34.51278339900967
5.085273815839157,9.411998238738448,34.50526449698337
5.098877468689749,9.392832823588252,34.49916377672011
5.114550082300452,9.378819842960567,34.49474846716603
5.129874559985995,9.37615400519945,34.49052912213119
5.1444737480186085,9.384042558032165,34.485592180125956
5.157192651652343,9.403912358596118,34.47935356104863
5.167604848761936,9.436418003989875,34.47119846201754
5.175804226758305,9.478269579084275,34.4608265670477
5.182455299014036,9.527372157330225,34.44862918965726
5.188569767321893,9.581301389722682,34.43485598420977
5.196088883643663,9.634471946258914,34.42126485271283
5.2032777606905185,9.691615671090085,34.407385119868835
5.210173409810009,9.753030787903384,34.39318609595461
5.216236656380724,9.817391644623768,34.37876481638917
5.221167185060243,9.88457753540713,34.36404912208263
5.224655913670895,9.952541999065538,34.348545629795424
5.226731868608703,10.021202976651715,34.3324418888279
5.228581189500586,10.088487090435454,34.31657168068616
5.230482977382148,10.154597482215173,34.30072502713241
5.2320058463324015,10.219740440077436,34.28552989261287
5.233066021154734,10.284970003933225,34.27048450800386
5.232546967418463,10.351365303677916,34.255849354603896
5.230973462538138,10.417829908937406,34.241683345696444
5.228894493029863,10.483522056594472,34.228131918607865
5.227021399241227,10.548258021737695,34.21578055925472
5.226393389512056,10.611044229682285,34.20480505975665
5.226978122431294,10.671246730135563,34.19533084963662
5.228435395368132,10.729880240723174,34.1873297104665
5.230518708599503,10.786502060508267,34.180443971600354
5.2324745702766,10.843205830836288,34.17477110527501
5.2344345480393155,10.89964897564221,34.170478012535234
5.236763314075317,10.956801823026812,34.16824763267399
5.239486250119472,11.015217963662378,34.16871780779432
5.242048079738198,11.076442444315743,34.17173024759019
5.244257922137919,11.140082246220267,34.1776852932528
5.2463493048372865,11.206132649152002,34.186362327875905
5.247364155494721,11.275566937733274,34.196897439474974
5.248708249444786,11.347842138953633,34.20990376149816
5.250265760473042,11.419604522883146,34.22532344003527
5.253200556556759,11.488619557186636,34.24339369313126
5.257401394533635,11.554078126451564,34.26332998242553
5.264147513343253,11.616431393210812,34.283824077852415
5.270763406722921,11.679368432519693,34.30292818174894
5.275697177417798,11.743567375204423,34.32064113750418
5.27590169029363,11.810925791710206,34.337776642000286
5.271443470211447,11.880860811154335,34.35477897002039
5.264678752030301,11.949319512759105,34.371239578055096
5.258626039911779,12.012619411459376,34.387660973291226
5.253345016719464,12.071184751028248,34.40446386797385
5.249893156259174,12.124981294071626,34.422647814952676
5.2460443606470895,12.175711289645587,34.441742217805555
5.241520375599198,12.222749807261584,34.461028848165604
5.238011991695413,12.264172448564649,34.481203426005486
5.235948320101831,12.300111583352697,34.50240140923917
5.234807178269816,12.3311405412904,34.523598033998745
5.233385040346072,12.357337274903612,34.54384194688433
5.231223308240693,12.379243730074462,34.563392118735905
5.22628132331003,12.39897919330807,34.58214754089571
5.218155851598674,12.416601984221938,34.59956544583935
5.206579863852993,12.433131336902983,34.614559545846575
5.193514669604649,12.446796844235518,34.62739050072566
5.180148277815553,12.457046670713783,34.638370231421284
5.168711755926644,12.462976512559706,34.6474027985169
5.159102652382954,12.464151090218333,34.65410907929148
5.152470840327047,12.459848803030035,34.65947757666429
5.147816243523627,12.452493499187392,34.66394685884715
5.144826984626967,12.443061171674408,34.66593070344086
5.142728711149897,12.4321871337839,34.66455250824147
5.14083541777616,12.420925364833877,34.66015429932805
5.137681974671259,12.409376599590372,34.65321330389777
5.132635108133827,12.398579292071895,34.64443487278381
5.125303673887249,12.388770946495717,34.634607852676446
5.115959950821444,12.38075211421125,34.62401732781216
5.105980969921527,12.37374341781689,34.613043528847136
5.09785602870455,12.366152419780578,34.601394116075674
5.092589108923617,12.356975185583586,34.58903647602789
5.090110963558444,12.346204730826202,34.5758908560307
5.08968854488397,12.333831643844771,34.56182299441549
5.089070758655898,12.321617785991855,34.54602264972029
5.088070076890321,12.310031192675904,34.528250458323136
5.084944104750479,12.301642883979312,34.507343943341034
5.080790751928273,12.2972577234173,34.48318863018385
5.076980859116719,12.29752609252394,34.455604793816086
5.074298953274914,12.303607656791979,34.42499611351844
5.073761416890467,12.315020170129932,34.392015966015116
5.075301075859092,12.332865695633988,34.35660635629367
5.079154464527095,12.356999107470815,34.319858227122516
5.085621891411143,12.388071350830714,34.28173537366823
5.092877909326399,12.428399490504173,34.24124733106962
5.10098091449317,12.47780357868377,34.19861503416754
5.108937050192587,12.536550752964226,34.15306587455952
5.116301269065891,12.603900363564804,34.10425306863031
5.122815038741162,12.678406026425314,34.0527102774784
5.127658630242843,12.75978288049497,33.9980198875224
5.13109831688981,12.8476954233295,33.94100204718204
5.134913744310722,12.937814836533311,33.88439526538282
5.138126234176976,13.030100808736213,33.82874787622617
5.140368585485221,13.123866755254078,33.775292837185695
5.141001997434304,13.219600933562363,33.72415800565686
5.139157475842609,13.318572553905428,33.67533421413086
5.135023619900664,13.421964236205776,33.62824123556835
5.1292565178468035,13.52965008717177,33.58313644887515
5.122201561651226,13.64354964054928,33.53919545899683
5.1159359882411835,13.759299612872308,33.49789513602003
5.110133550279231,13.876423141131317,33.459336952424266
5.10476608148137,13.996484373753491,33.42285946436815
5.100064732679652,14.114363116842958,33.39124848436803
5.0949458002592145,14.230431683495802,33.36556892010686
5.088395990836739,14.343400299619013,33.34728077390143
5.079608740917563,14.452253405449035,33.336797954551194
5.067941326470084,14.557258273281597,33.334188781465926
5.053611265715659,14.657513387213664,33.3385796091993
5.0373746861885955,14.75280005626558,33.34876021090528
5.0200836751520885,14.842712606083886,33.36324236822445
5.003186807845425,14.926490889912081,33.38120894655736
4.987732779595018,15.003723644155055,33.402555810982335
4.9740547118179,15.073357201198425,33.427837060174724
4.9628203500394505,15.135157786411416,33.45740686112898
4.953844926752182,15.188844094183995,33.49113243870977
4.946734582705461,15.235339812741987,33.52715497585734
4.941312330150965,15.273915993411807,33.566177904598305
4.937089800325267,15.305120212633222,33.606584437099656
4.9339826373594065,15.329200649604374,33.648039565056465
4.931754872743095,15.347894190694253,33.68939811431083
4.9304541819257865,15.361302790394447,33.73020591826435
4.9405116697885765,15.374918890891324,33.76342001671164
4.959743836111341,15.388150832741061,33.787875326769516
4.9837785557572865,15.401961934781802,33.7962394663089
4.995276287165258,15.38978552064247,33.810241693034136
4.994393876857949,15.385781068785988,33.79972866661285
4.9833234236062385,15.383954067764666,33.77802164426849
4.962157533108612,15.365175330168396,33.777881438776106
4.944763984175029,15.341425285110287,33.79860949582187
4.939267223544999,15.313620908857732,33.836265727160345
4.944643883178358,15.27907098395725,33.8879088175883
4.950913917688851,15.236062918982826,33.94021666016197
4.95825897464978,15.185044520905032,33.993783395457704
4.966564520942305,15.127036784122446,34.049210238446776
4.9751040662534765,15.062683293124447,34.1070115544216
4.982920188487966,14.993020433178296,34.16661290680366
4.991460140845223,14.91786506969038,34.22726334641168
5.000397884958726,14.838131831935396,34.28812605657543
5.009981627982809,14.754488534442036,34.3484662820963
5.020185457576716,14.667198847573253,34.40832522757794
5.025940861896011,14.560408821695825,34.47509133184501
5.043367596766172,14.495202720440375,34.51919194815909
5.050319178729578,14.395989920560295,34.57526523490684
5.054877815286668,14.292477026898263,34.62916523719965
5.057306427821113,14.184768746792908,34.68051853443422
5.05903663562551,14.073035596614046,34.729699193669305
5.060781444397449,13.957682660886013,34.776843610486004
5.0630068865660895,13.838858634592125,34.82223478042502
5.066107603552501,13.716302785174083,34.86680666477815
5.069532850831024,13.590057745439362,34.91049588334421
5.072572095790847,13.459786785776737,34.95267686854042
5.075821340175979,13.3252684124997,34.99392984020823
5.0789072128492245,13.186200033022685,35.03374044734998
5.082240915844303,13.042728877564686,35.072423025518695
5.084932832737551,12.895511094721394,35.10969240400976
5.087883629172385,12.745958793098653,35.145236296657224
5.089982945965845,12.59468481135869,35.179271758424555
5.091953278054601,12.441955528501918,35.21206643154872
5.093467858692829,12.2886617626579,35.243697258573484
5.094959342854867,12.1342934304149,35.27487446149086
5.09626731389948,11.979809537129443,35.30558612246072
5.098781035425966,11.826149108620623,35.3362691094526
5.1029870097609855,11.674806801453721,35.36734653074349
5.108498222739588,11.526533738632516,35.39895197287562
5.109877737731696,11.382070737062506,35.429465083647884
5.106120892835581,11.241845938893462,35.45859364405173
5.095638773355789,11.107336438221695,35.48605442732069
5.080452161029465,10.979576902017646,35.511234036421016
5.063288211658144,10.860267769660817,35.53401379996981
5.047667837021075,10.749523512897932,35.55457377067124
5.036287071738009,10.645745475162489,35.57385211965959
5.030081831051938,10.548425971400338,35.59307687647289
5.025184549144212,10.45724312819771,35.610233061114215
5.021259735296717,10.372246563795642,35.62520550409679
5.017888262969539,10.294476355034801,35.63933790327702
5.0147611698117185,10.223887037888385,35.652323184296364
5.012102881768977,10.161120477365015,35.66439601363326
5.009390769736157,10.106394521306509,35.675247124057776
5.006780868613598,10.059473386128307,35.68504669875792
5.004313023643487,10.021322380253745,35.69396935575422
5.001520208208791,9.992875407282323,35.702251400461314
4.998757970482296,9.973188417242117,35.70993904395407
4.996404898564698,9.961286822283775,35.71729715763838
4.99447254279765,9.95521423321125,35.72400949165291
4.993308568773932,9.952784579912711,35.73047902144611
4.992709947577048,9.953181629505933,35.73725245975027
4.9926372422294545,9.955816861476189,35.74509667723694
4.992757892229781,9.960553484088182,35.7545964211346
4.992204533601696,9.967748725153298,35.76592376904138
4.990839203434642,9.978333846516435,35.77922641493585
4.988687222263484,9.992712326930882,35.79393143824994
4.985058068642037,10.012163588949715,35.80927516916407
4.980105302318869,10.037921470889104,35.824277628811615
4.973307671535651,10.070595048829908,35.8386797619342
4.9651830923307605,10.109984108058098,35.852218787645754
4.955624524587173,10.15603249674282,35.865002486093665
4.944585397336939,10.207859697588376,35.87674103945658
4.93362072527228,10.265119409620581,35.88804525325276
4.923155832838462,10.32682798282014,35.89864264405999
4.912655877346965,10.392681707298976,35.9082119177432
4.901844323722171,10.461137659701214,35.915305496274456
4.889708289807152,10.531506630062012,35.9194923445466
4.8753852488766425,10.603808227720233,35.92061294450475
4.858934110656416,10.676879289152447,35.918398888174856
4.841998963911098,10.750356994849653,35.91296977980524
4.826621754038859,10.823258121888799,35.9054919429325
4.814409865532244,10.89499702032435,35.8971471330225
4.805262517253413,10.96580957519928,35.88830702756697
4.798883700614475,11.036370831933016,35.87879535025637
4.794601763088137,11.106224790900159,35.86869190029777
4.791421427330022,11.177072046633606,35.85868265689497
4.788604749590376,11.247366874467893,35.848918688879856
4.78588368405173,11.316583677697286,35.83880691724963
4.783274000421856,11.384620544516205,35.82839448735543
4.780345511757604,11.451008085300703,35.81756204462615
4.7771301238378525,11.515909648981125,35.805807703592485
4.774673955386293,11.57951379212693,35.7926730327368
4.772299448799673,11.642566622444267,35.777558477821664
4.769892963066551,11.70565202518061,35.760500224670956
4.768030520426401,11.769540502812081,35.7416543344949
4.765130173701803,11.833925447646159,35.720632831494456
4.760898924494297,11.898701569213946,35.697682127775494
4.755285371131513,11.962847276239334,35.67317192913876
4.748152268951253,12.02495411632409,35.64788476597073
4.740805200876067,12.084186444667395,35.62193611918037
4.733212315880343,12.140718105166075,35.59556432198886
4.72540406323765,12.194671240976668,35.56854494680296
4.717471035158621,12.246637565627758,35.540276250370056
4.7098253576001055,12.296791910383563,35.509645283936486
4.702438098371656,12.345842139206368,35.47741799260057
4.6961119399080715,12.393959704991588,35.44355518643266
4.690727587641078,12.44149200265282,35.40914308279773
4.687031701770779,12.488882463547775,35.374913562359964
4.684765982691529,12.53586431398636,35.34152479174635
4.684684980255553,12.580871857382002,35.310087286655495
4.685395301121909,12.624971284693173,35.279878210008654
4.687185225289858,12.66667238582356,35.25006157843811
4.689081131729745,12.70768848669803,35.22042653357792
4.690091327739523,12.74819296115987,35.18971748685867
4.6890127641653665,12.78937853145665,35.15689782231012
4.685564791996391,12.831323713354895,35.121417587489546
4.6797570563059825,12.875067658704818,35.08259994475526
4.673169412369561,12.918676939026268,35.04120997828332
4.666407405983747,12.963051974221775,34.996985282357855
4.6605724973633595,13.007496230284831,34.95076737549307
4.656355425876358,13.052281631925492,34.902895952991855
4.653085726175894,13.09633099441337,34.853841915754145
4.650516625019319,13.139779826784743,34.80380347139199
4.648449499153898,13.182057631771958,34.7528402019785
4.646910621152126,13.222685499559299,34.70129169552241
4.645936822633846,13.261090528658766,34.64900354935171
4.646194460682074,13.296920812690537,34.59622716822138
4.648313948266318,13.330706181162427,34.542822807170424
4.652192476679959,13.3623789578994,34.48936120251677
4.657508449786397,13.39165761099069,34.4359190708569
4.663552480956372,13.418858597744071,34.38318448704849
4.6693039114298776,13.443982105214808,34.33215667976479
4.6744919550161805,13.467007520379386,34.28344094536914
4.678243935826201,13.488552980985965,34.23795398260279
4.680812717861994,13.50906694113193,34.19649891378276
4.682912176100748,13.529790443223096,34.159096835666254
4.684496139700816,13.551273957408233,34.12595395289417
4.6855063514660324,13.574629612192858,34.096834052842354
4.685790109510688,13.600173283932556,34.07151442507997
4.685105782337601,13.628805809465087,34.04923529601466
4.684044192525864,13.660719475232161,34.02965951493851
4.682484423400165,13.696909309887138,34.01194247628331
4.6801897081274175,13.732101316411903,33.99850980640491
4.678174232349748,13.764059623474465,33.99033869333653
4.676497825694169,13.79466227342986,33.98640234971214
4.675242573237171,13.826695952222591,33.98461207735749
4.674124553635607,13.865479931059866,33.982412859964484
4.674136107953008,13.915869200035269,33.976756324060965
4.67528901240758,13.979678907323809,33.966157244196395
4.678111315278464,14.058648984982067,33.948994171896615
4.6802970634596175,14.146902762610361,33.92733636216804
4.680931454508755,14.238807189681895,33.90369341258017
4.679919017562455,14.332728678339729,33.87912965112116
4.677395092477729,14.428568471103398,33.85384216954551
4.673298539060457,14.52443854646858,33.8292913475629
4.668229306633697,14.620555225985928,33.805720831109554
4.662646913676145,14.716402332273494,33.78372260483346
4.657179905895489,14.811387494865263,33.76373095330101
4.65212654493067,14.904489854036337,33.74663396331737
4.6477804872877355,14.995545180433295,33.732621101256974
4.644790238952181,15.083217265712062,33.722510657939615
4.643602650517614,15.16752566904952,33.71629780157671
4.6439343161563205,15.247309257137156,33.714383928215355
4.645880411364187,15.322211104664348,33.71711401468457
4.648925704969929,15.390936757473057,33.725209068984434
4.652768903313454,15.453325133251338,33.73877461708972
4.657350655935291,15.508723115784228,33.758109057259354
4.662595410231116,15.557622604266129,33.78272836550864
4.668051519569096,15.599982223325913,33.81243128520281
4.673174590170787,15.635774735165482,33.8471066704641
4.677361501223027,15.665248755435845,33.88679867268131
4.680240624836001,15.688391209199317,33.93135796090526
4.681378825702383,15.705167407971897,33.98059729453559
4.680555461971393,15.715352896777803,34.03465589983427
4.677697803036685,15.718888216682696,34.09313564029741
4.672953883671783,15.714653542935487,34.15655766737123
4.6660251785707,15.702444430575897,34.22417044991069
4.657061289806103,15.6812495834833,34.29599879263248
4.646521856287167,15.650397293298342,34.37128636985739
4.6336013608759545,15.6111236274966,34.44747473751013
4.617866761513615,15.563750290581165,34.52318271098675
4.60053046304515,15.508190969166538,34.59762260497435
4.581398545936097,15.444378881176435,34.66991593740694
4.560422678370742,15.371142992194237,34.74065542242558
4.5377278002483825,15.289206353460552,34.80912444639385
4.513633350699233,15.199623578184795,34.874851262205645
4.490636605496959,15.104432458049361,34.93782197364932
4.469969613676491,15.007399341755972,34.996550478863476
4.453397068028191,14.910683815626022,35.05098865025406
4.443532100673919,14.814976787035969,35.10231061316561
4.4407956473532115,14.721048621460895,35.15106051065598
4.443776086264231,14.62843368781753,35.19779743522833
4.450535393854435,14.53699407101609,35.24257834891868
4.459123546718446,14.446550731043589,35.28463892082017
4.468917653871235,14.35729910987949,35.32398273650476
4.479111485641161,14.268457566539897,35.36075653898213
4.489465233273314,14.179414245156487,35.395321052424116
4.499548021782452,14.089592481997824,35.42817596501405
4.5093456687973665,13.998114979035092,35.460255402905936
4.51894054520987,13.904872402161967,35.49182785500061
4.528327724781805,13.809691509112486,35.523558373094865
4.537341639713238,13.711873074996843,35.55549546759703
4.546143218626116,13.612330268211618,35.58809387996909
4.554980532394962,13.510824825005143,35.62149124750121
4.563621262633524,13.407134531925434,35.65617338876847
4.5709870887253885,13.301305361606856,35.69141295046865
4.5767748581018415,13.193478227779293,35.726901897155926
4.581950030931839,13.083118320367348,35.7627175694934
4.586559505934758,12.970211364922102,35.79815747211266
4.5908030369891595,12.853891351985874,35.833343390427366
4.59470477544288,12.734823409780539,35.86813293331257
4.598530629222886,12.613177303127896,35.902523590019925
4.601977055872913,12.48991051642994,35.93596928815749
4.604518227880622,12.365078912183451,35.968245219338954
4.605543889632155,12.239685976321118,35.99876512182121
4.6066496841463325,12.11360873026811,36.02759356747732
4.607283971235886,11.987600792469735,36.0543254685318
4.607981695636709,11.861421876964291,36.07853912621148
4.608277652871826,11.735665252765612,36.09984191318074
4.608885147466967,11.610688669591706,36.11822218172669
4.610105962123189,11.487804022954537,36.133193737644675
4.611864714702281,11.36756574716213,36.14487885173451
4.614097574776375,11.251712941445739,36.153404499772336
4.617296024461732,11.139788055011644,36.159092163837286
4.621384354082691,11.033143786341636,36.16251230690245
4.625927946230158,10.93173110163938,36.16406097840129
4.630840879320347,10.835421431315034,36.16410796724971
4.6360555560763865,10.744821445940001,36.16315563632518
4.641684756314731,10.658557044613712,36.16185127495952
4.647706259190009,10.575726439598247,36.16039974462155
4.653842543195189,10.496293124003156,36.158701233568216
4.659688145128903,10.419721875069548,36.15648880681949
4.665041922662755,10.34709342729714,36.15322563407871
4.669567200369371,10.27870212818644,36.14897802219744
4.672773818354909,10.21589563309712,36.14334100990664
4.674982112277201,10.16023689430912,36.13641572666794
4.676074557837948,10.111445460608007,36.129055873586445
4.676070647014764,10.070497240010512,36.121299090082594
4.675217458342686,10.036502965477089,36.113279798190185
4.673891905135632,10.009157521767149,36.10527375920552
4.672369443409089,9.987784406851125,36.09703057574856
4.671409268817975,9.971328187712556,36.089113079312966
4.670776884815348,9.960443799521295,36.08150146349328
4.670539811294093,9.955522376295102,36.07395087648931
4.670266680376616,9.956611993092203,36.066349095234614
4.669705217300488,9.963892689603277,36.05826561162891
4.668020644708016,9.976959392151786,36.049716439356345
4.665003279769212,9.994494090940407,36.04085574115
4.661028540810401,10.01552417219435,36.03157719526449
4.65590729605749,10.039154117712444,36.02214156022337
4.649414762331301,10.065047369804882,36.012423251522044
4.642039338113109,10.092962269393814,36.00279834647118
4.634160942552199,10.121992899168347,35.993664956395826
4.627117825534332,10.151928980050059,35.98481547387717
4.620717121454488,10.181512749283518,35.97650551578722
4.615588116501109,10.21008501961172,35.968865475032096
4.611756449315127,10.236975129434857,35.96190328097413
4.609242321159886,10.262193273111857,35.95556815833038
4.60775209582386,10.285314386939952,35.94950315791607
4.606888054807065,10.306205174374437,35.943944596488
4.605847136708792,10.324484495650134,35.93897096165992
4.604998738157944,10.339373368033144,35.93452449634159
4.603602572389639,10.350338757691523,35.93074761095892
4.601883705994865,10.356886117929475,35.9273411725048
4.600440044573809,10.35901689753932,35.9244297733896
4.599312871438503,10.357112629442424,35.92197606861434
4.598934793666232,10.351016444552826,35.92053748068516
4.599003600573367,10.341344474084526,35.920044006523455
4.598581728918732,10.32811900193327,35.92096447876005
4.597638509207178,10.311408943151218,35.923213444171346
4.595947191683751,10.291500094393344,35.92619028471648
4.593357146037349,10.268626786381716,35.929973653364364
4.5905666253362245,10.24298804060807,35.934191505281454
4.588671545994073,10.21392781143373,35.93915490391728
4.587757933029017,10.181718388679576,35.94501545146044
4.587883607395867,10.146608766015756,35.95202204302069
4.589041470268015,10.109207673318139,35.96020982731485
4.590606508628754,10.070429156827089,35.96901659976435
4.591941724487195,10.030551448896214,35.97808647240524
4.592720372732063,9.98963325446942,35.98666001585885
4.5925328532907015,9.948037170097553,35.99433413276315
4.592083946378756,9.90512226489639,36.001077602405196
4.59074015287806,9.861686136928515,36.00570593846935
4.588648526807244,9.816714069662076,36.0096213911899
4.585605100770329,9.770452950263982,36.01425708848147
4.5800434165596124,9.723139922221387,36.01725874024143
4.571525695201345,9.674790642387299,36.019241662760734
4.5602650822268,9.628270148786658,36.019079490951384
4.546464290906293,9.583391569133841,36.017544617844756
4.53116352524937,9.541029720002898,36.01600407429112
4.514443833297055,9.501322556216179,36.0153875984879
4.496734796359786,9.462368275015889,36.01760138428941
4.478168766174028,9.42293609577166,36.024276193395444
4.458073814597515,9.38442581718634,36.03326357803516
4.436792121409322,9.346015874871595,36.04416562523082
4.414775267157432,9.310243360727108,36.05624872513907
4.391765662159718,9.277498433969555,36.069353351711094
4.368071633960795,9.247973993926959,36.083536130940786
4.342350643583979,9.22285103920958,36.09709748252259
4.314239190585266,9.20234743702245,36.1098469862004
4.283683658707525,9.187244225666658,36.12136579791306
4.251598925168997,9.177827041274154,36.1320732336562
4.218388692105202,9.174080631827412,36.14156975968644
4.185275389991239,9.176017206498315,36.150151033514064
4.151782390966223,9.183250306627414,36.15735536586527
4.119029679070056,9.194143981233395,36.16387317269261
4.0867007214839495,9.207559726801998,36.17037953827993
4.055206638745378,9.22280908051,36.177000493573395
4.024520306585097,9.239647826405717,36.18380740702079
3.9956666977969255,9.258615213237567,36.191835251529994
3.968397170934422,9.279809504171423,36.19975329035045
3.943396831696781,9.304507343350213,36.20703387550986
3.9201807634680974,9.332142669847423,36.213837420732936
3.898675904139125,9.362467087529799,36.2195122317998
3.8790034098168786,9.394379636693744,36.22542535345096
3.860643678288281,9.427691472047139,36.231196969051396
3.843184366304942,9.461978679983789,36.2365234956034
3.8266743778074583,9.497228327128544,36.24185046968728
3.810761545361019,9.533003878303514,36.246885905246394
3.795257334213112,9.569132549835379,36.25151396633807
3.7801146118009377,9.605549543355366,36.25456506893903
3.76528621285479,9.642088968000701,36.25613595710565
3.7507486268897403,9.678241344126716,36.25661780218463
3.7368846046457844,9.713794656276736,36.25678653739806
3.723397641154555,9.748328656303547,36.25685643688524
3.7105587677183274,9.781660471344068,36.257405195846374
3.6981532061332136,9.813140837131872,36.25850924496904
3.6860002088070187,9.842562171325621,36.25973648142211
3.674024768325321,9.869574629899992,36.260215432412586
3.6623444312285907,9.893908347873861,36.25962377490728
3.6510031841123376,9.915428182026835,36.257628131370296
3.640215889033241,9.93375653071092,36.25485370837336
3.630201595621274,9.949209767386776,36.25114484589398
3.6206984052987585,9.961549477623619,36.24663337481162
3.6120398574470487,9.97098342067789,36.24250001220309
3.6039428655333086,9.977126366670388,36.23838506958993
3.5961305634024665,9.9802705983668,36.23438764750896
3.5887344730138455,9.980946295964205,36.230423852186924
3.581325690655444,9.979030114839839,36.22587884097539
3.5738408848315233,9.974992682876398,36.220726079085765
3.5663151981715435,9.96934585201129,36.214524644075965
3.5584235808707203,9.961840931907652,36.20663359937571
3.550340321705361,9.95277503938232,36.19778099002691
3.542074970076341,9.941923018456139,36.1877747657754
3.5333887682276512,9.929371098876956,36.176350086366625
3.524691118927397,9.91438030408578,36.16440155532787
3.5160240609073137,9.897411672134261,36.15120094571048
3.5073218084951048,9.877403515942998,36.13695116206881
3.4986705795856805,9.854782121532523,36.12132350738659
3.4900102747974957,9.828342601919829,36.10535434622494
3.481107657496972,9.797572533274247,36.08960722624953
3.4719205989295467,9.762618996304603,36.074690998452674
3.4618342959727255,9.724039132564789,36.05898357038276
3.450978796700581,9.681926138602229,36.04295084145851
3.439125456400483,9.636921807996782,36.02508224843228
3.4262334746720127,9.589126613478244,36.00553881934917
3.412595324270527,9.538317532736986,35.984124090495754
3.3979655184539874,9.483999977510848,35.96217712015647
3.3830174262168162,9.426522993517276,35.94018142810483
3.367577274866214,9.365992768747814,35.918063404303524
3.3520524206659488,9.30326982011311,35.8952228520612
3.3368158906626855,9.238366180188303,35.873043830725244
3.321443114422148,9.171795751159138,35.85128209301629
3.3062902055856727,9.104991047906065,35.82942887850715
3.291035808185099,9.03841404919989,35.807453879032664
3.275500386036116,8.972676150250733,35.78471305486322
3.2600644435378228,8.908749456964856,35.76178102120739
3.244458583704084,8.846389554752461,35.73846856131832
3.228742730262611,8.786460887144553,35.714550438957204
3.2129984429864664,8.72832921236423,35.69127449098175
3.197220574010747,8.672163636998542,35.66890611592889
3.1814187826193905,8.619083006687589,35.646673532124936
3.1653620679080463,8.568798378238249,35.6249838212555
3.148296450637805,8.520930688561503,35.60359467457914
3.1302130130726153,8.475847466736358,35.583015901460556
3.111075764513679,8.433458162946444,35.56316854132953
3.090808130511981,8.39438209347508,35.54383491225636
3.0700217003138803,8.35928765809986,35.52550597031477
3.049101899062058,8.328229094646602,35.50842781684443
3.0278787540614,8.30169801489947,35.49223266587292
3.006807878523159,8.280293346064926,35.477603196234206
2.984906486395478,8.262579785305608,35.46431914211764
2.962443177811753,8.248640665183213,35.45266554041103
2.9398615650602338,8.238227506472262,35.44279995423253
2.9172885449074974,8.231038539879567,35.43491934611928
2.895190554097969,8.226855475936016,35.42881392557423
2.8737601835316435,8.226017593763453,35.42457959973662
2.8530488162622505,8.228416478760643,35.421523042464536
2.8330717326748274,8.234063892283553,35.41994278927521
2.813764079287978,8.242887476136142,35.41972031720748
2.7949706277856063,8.254441033998706,35.42102902021497
2.776644459080333,8.268405317290185,35.42375415177353
2.758389717975524,8.284752271342333,35.42780436936856
2.7404340020930285,8.302973647556897,35.43330981771764
2.7224643638324495,8.323298844157822,35.44016992289471
2.704377389199337,8.345998427262916,35.44799398784134
2.6858797637455716,8.370897591311225,35.456626611240495
2.667284519855376,8.398669817084903,35.46616883931454
2.6483443244764437,8.429669459113638,35.47600651827114
2.629644479384389,8.464416127088315,35.486064124213904
2.6106157664866787,8.503268759132903,35.49627253228479
2.591016973422093,8.545268111322144,35.50623182041577
2.5703753705477506,8.5902047355508,35.51631681627521
2.5488659176865207,8.637790322483953,35.52618831475334
2.5263307018967787,8.687966292660423,35.53598713459183
2.5035206152988225,8.740816923833616,35.54572725181125
2.4805512744127545,8.796268361360658,35.555188866326375
2.457853043688106,8.854266475043737,35.56421302990614
2.4350325534229773,8.914175585800193,35.572589835526315
2.411963083401,8.974427144421965,35.57961643458699
2.388705698919778,9.035396026420496,35.58547521130058
2.3656534031873404,9.096650063786536,35.59000547626525
2.3430498806401765,9.158077929478374,35.59337249468341
2.321078843025543,9.219284569296848,35.59562438490945
2.2996456201501534,9.280062313946377,35.59639082199358
2.278515544602583,9.339285091875798,35.59517571711588
2.257722083682117,9.396806977758056,35.59187852627658
2.236853213628971,9.452392889934728,35.58618700757091
2.2164126710435355,9.50637575858994,35.57794998046721
2.1961805178565657,9.558705082276306,35.56787596600986
2.1761167594184108,9.609130325256059,35.55628611948695
2.156253937338845,9.657397710867906,35.54390034029972
2.1361383920175823,9.70344892811772,35.53067706586178
2.11579609050044,9.747054316425485,35.516635118890825
2.0953139715373617,9.78864156628277,35.501574448105416
2.0743328745664096,9.828289475550601,35.485830772555175
2.0530461458924525,9.867000692479916,35.46869236847877
2.03147137386385,9.905307702112802,35.45047996387381
2.009533071333529,9.943682130489025,35.43136434022678
1.9871796162502626,9.98228980831655,35.41114361390821
1.9640909006973073,10.021780530224522,35.38997510136086
1.9401637337057607,10.060737549387902,35.368163609562195
1.915429004639394,10.100209517144513,35.34555820902128
1.8899954027967572,10.139793920016643,35.32270207608907
1.8644231905937603,10.181028483685495,35.29956433841501
1.8389897219459983,10.224555820782559,35.276144598394986
1.8138601219590589,10.270122860907142,35.25265323995754
1.7886595880500853,10.31674892738269,35.228964570267834
1.763406892538347,10.363931794324893,35.20517194839121
1.7376231311780075,10.409718375794284,35.181151302689074
1.7112165821968264,10.453512655659749,35.155331881421176
1.68404703558289,10.493943701856443,35.127184763747444
1.6567804572041116,10.532947001299897,35.09680250332227
1.6289863100835198,10.56886078211307,35.065377444527485
1.6015725793127094,10.603566752257208,35.032777441747136
1.5746817884109672,10.637651483227062,34.999700343230245
1.5492303863289498,10.6714304782518,34.967175782439284
1.5253845993690045,10.704967880305528,34.93582102709002
1.502844378569134,10.737149187509056,34.90493812670537
1.4812389747343455,10.766792619760375,34.87489373776267
1.4606734919300493,10.794935331360296,34.84575969236506
1.439975339626945,10.820434029924423,34.818350034866164
1.4195686686846447,10.844141825265861,34.79193406204682
1.3992179698816334,10.867380573902983,34.765871577669365
1.3790529988572096,10.890238187841119,34.73994635631272
1.3588676240253335,10.912548150181928,34.71411265974976
1.3384321913565778,10.93493657469396,34.68858751902292
1.3179532931946063,10.957700495943833,34.663409307963185
1.2976123232782004,10.9810175238179,34.63916871793161
1.2773569193414283,11.005168470153988,34.61556308483618
1.2573341178849946,11.030287875908897,34.592454075501884
1.237238926645651,11.056235140020533,34.569218348707764
1.217515944097561,11.083435281199957,34.545589247855155
1.1980867952320593,11.11126535880755,34.52150357205698
1.1791525908662157,11.140053187079504,34.497361270465
1.160595511503554,11.169742271809707,34.47333681877268
1.1428305191590618,11.200313569475437,34.449477819916886
1.1253913752559814,11.231840146452209,34.425826871865056
1.1083688271804042,11.263425324470779,34.402236508085586
1.091405586596492,11.294628549003574,34.37865756415363
1.0745013144740658,11.326105579959018,34.35502689580177
1.057579556756638,11.358046504007755,34.33130961120124
1.0408647378596967,11.390778899625634,34.307682823592465
1.0237002976907625,11.425360308909491,34.283949197295144
1.006739436348172,11.462723821292386,34.26084513208312
0.9898898438023092,11.502826952363922,34.23857066155089
0.9725936464511887,11.545182636754891,34.217269033965835
0.954409758212482,11.587715560466378,34.19661540412508
0.9353152522630123,11.62903574025925,34.17606554296478
0.9154567935566629,11.667905576468714,34.15545153037861
0.8959722298729473,11.70306491882206,34.13534790216038
0.8770614647885743,11.734127407835441,34.115360072459204
0.8594653745875878,11.762216581254723,34.096261377580895
0.8437659995535192,11.787923688091283,34.078409092800214
0.8293872701462538,11.813048323085438,34.06175177753354
0.8158400193876449,11.837562402914171,34.04582682553076
0.8031851841655044,11.860795857032825,34.0306987462675
0.7916007351280765,11.882529737703662,34.01690531082521
0.781841824296486,11.901621840229966,34.004507712093734
0.7738241413049777,11.917745921064101,33.993637630379084
0.7645499565639459,11.933759083418693,33.98490909927039
0.7630413068058537,11.942333285706585,33.97437580986788
0.7582486850598557,11.95179654979956,33.96672172217923
0.7610587954029072,11.95804591098769,33.96748351439955
