0.1244436502456665,-0.6879546046257019,-0.3708382844924927,0.010263919830322266,-0.6275547444820404,-0.5400809049606323,0.049950599670410156,0.057522863149642944,-0.16925406455993652
0.15472590923309326,-0.6711839437484741,-0.37600576877593994,-0.006980180740356445,-0.625031441450119,-0.5500719547271729,0.0024242401123046875,0.04327550530433655,-0.17407763004302979
0.19421112537384033,-0.650089681148529,-0.3840998411178589,-0.019984006881713867,-0.6105504930019379,-0.5691697597503662,-0.050064802169799805,0.03666219115257263,-0.1850813627243042
0.24067580699920654,-0.6232082843780518,-0.39624106884002686,-0.024581193923950195,-0.5851841866970062,-0.5948284864425659,-0.10112667083740234,0.03514710068702698,-0.19859886169433594
0.2884122133255005,-0.5970239043235779,-0.4041343927383423,-0.020940303802490234,-0.5515121817588806,-0.6228481531143188,-0.14522218704223633,0.04263472557067871,-0.21872520446777344
0.3303943872451782,-0.5816470980644226,-0.3994009494781494,-0.013080596923828125,-0.5135552883148193,-0.6488250494003296,-0.17934465408325195,0.06521481275558472,-0.24943554401397705
0.3614250421524048,-0.5821418166160583,-0.3806830644607544,-0.0058672428131103516,-0.47684645652770996,-0.6694186925888062,-0.20316195487976074,0.10241836309432983,-0.28874707221984863
0.3799930810928345,-0.5932860970497131,-0.3552354574203491,-0.0018544197082519531,-0.4477168917655945,-0.6830207109451294,-0.21771717071533203,0.1426922082901001,-0.32779669761657715
0.38798558712005615,-0.6033607721328735,-0.33663058280944824,-0.0005667209625244141,-0.43162333965301514,-0.6895759105682373,-0.22442197799682617,0.16886043548583984,-0.35295677185058594
0.155098557472229,-0.6434192359447479,0.5022908449172974,0.03226971626281738,-0.8492125421762466,-0.24861013889312744,0.04130148887634277,-0.20867030322551727,-0.7509124279022217
0.17843425273895264,-0.7090634703636169,0.39357030391693115,0.03780674934387207,-0.8394090011715889,-0.27703917026519775,0.023502826690673828,-0.1332225278019905,-0.6706209182739258
0.21154272556304932,-0.7692455351352692,0.2276057004928589,0.04461526870727539,-0.8241347074508667,-0.31559038162231445,-0.0027971267700195312,-0.05776616930961609,-0.5432075262069702
0.23846518993377686,-0.7889885455369949,0.08847701549530029,0.04791450500488281,-0.8108941316604614,-0.3448519706726074,-0.02642035484313965,-0.024782583117485046,-0.4333404302597046
0.2519901990890503,-0.7890605926513672,0.017153501510620117,0.04587101936340332,-0.8042510151863098,-0.35829079151153564,-0.04198884963989258,-0.01806741952896118,-0.37545573711395264
0.25476324558258057,-0.7879870533943176,-0.0037889480590820312,0.039743900299072266,-0.8028440997004509,-0.36093902587890625,-0.050889015197753906,-0.017734043300151825,-0.3571615219116211
0.2526637315750122,-0.7883390188217163,-0.006302356719970703,0.03185677528381348,-0.8031777068972588,-0.3602449893951416,-0.056676626205444336,-0.017715685069561005,-0.3539540767669678
0.24953019618988037,-0.7890295386314392,-0.008181095123291016,0.024082660675048828,-0.8031622692942619,-0.3603280782699585,-0.06131720542907715,-0.017009727656841278,-0.35215842723846436
0.2467435598373413,-0.789557695388794,-0.013571500778198242,0.017624378204345703,-0.802278034389019,-0.36213719844818115,-0.06498885154724121,-0.015597335994243622,-0.3485771417617798
0.24479353427886963,-0.7897317856550217,-0.021997690200805664,0.013219833374023438,-0.8007065057754517,-0.365303635597229,-0.0674433708190918,-0.013851717114448547,-0.3433173894882202
0.24412167072296143,-0.7894070595502853,-0.0322573184967041,0.011200904846191406,-0.7989009022712708,-0.369022011756897,-0.06879043579101562,-0.012370839715003967,-0.33677613735198975
0.2451242208480835,-0.7884957045316696,-0.04313051700592041,0.011492729187011719,-0.7973236441612244,-0.3724813461303711,-0.06950116157531738,-0.011704936623573303,-0.32936227321624756
0.24793016910552979,-0.7869890183210373,-0.053869009017944336,0.013638019561767578,-0.7962140440940857,-0.37521207332611084,-0.07016181945800781,-0.012102022767066956,-0.3213545083999634
0.25224506855010986,-0.7849774807691574,-0.06412148475646973,0.016859054565429688,-0.7955379486083984,-0.3771747350692749,-0.07125568389892578,-0.013437464833259583,-0.31306469440460205
0.2574230432510376,-0.7826629132032394,-0.07361936569213867,0.020214319229125977,-0.7950478792190552,-0.378731369972229,-0.07307839393615723,-0.01526196300983429,-0.3051234483718872
0.2627173662185669,-0.7803340405225754,-0.08194243907928467,0.022850751876831055,-0.7944233417510986,-0.3804621696472168,-0.07573628425598145,-0.01696629822254181,-0.298531174659729
0.2675412893295288,-0.7783493250608444,-0.08807063102722168,0.0242917537689209,-0.7935188263654709,-0.38268518447875977,-0.07911920547485352,-0.01804649829864502,-0.29462599754333496
0.271661639213562,-0.7770969122648239,-0.090065598487854,0.024657011032104492,-0.7925325483083725,-0.38506782054901123,-0.08287429809570312,-0.01831263303756714,-0.2950136661529541
0.27519524097442627,-0.7768865674734116,-0.08522140979766846,0.02466297149658203,-0.7918817847967148,-0.3868001699447632,-0.08640193939208984,-0.017872214317321777,-0.3015902042388916
0.27834761142730713,-0.7777737230062485,-0.07058143615722656,0.025332212448120117,-0.791870042681694,-0.3872007131576538,-0.08888506889343262,-0.01697331666946411,-0.3166307210922241
0.28112471103668213,-0.7792655676603317,-0.044173359870910645,0.02754521369934082,-0.7923931330442429,-0.38628923892974854,-0.08944916725158691,-0.016004562377929688,-0.34212732315063477
0.2833057641983032,-0.780177891254425,-0.0069391727447509766,0.03161430358886719,-0.7928380817174911,-0.38504302501678467,-0.08756113052368164,-0.015537187457084656,-0.37811529636383057
0.2845970392227173,-0.7792634963989258,0.03627049922943115,0.03692173957824707,-0.7922146767377853,-0.3852260112762451,-0.08354496955871582,-0.015828177332878113,-0.42150795459747314
0.2847081422805786,-0.7763549238443375,0.07828199863433838,0.041817665100097656,-0.7894731611013412,-0.3887742757797241,-0.07876014709472656,-0.01599523425102234,-0.4670677185058594
0.28337562084198,-0.7726883441209793,0.11257588863372803,0.0441892147064209,-0.7838553637266159,-0.3969470262527466,-0.07505607604980469,-0.014044016599655151,-0.5095343589782715
0.2805265188217163,-0.770084872841835,0.13471734523773193,0.04276227951049805,-0.7750895470380783,-0.4097435474395752,-0.07363390922546387,-0.00788167119026184,-0.544472336769104
0.2765296697616577,-0.770004466176033,0.1417022943496704,0.03825259208679199,-0.7634483426809311,-0.42593836784362793,-0.07414674758911133,0.003679126501083374,-0.5676521062850952
0.27223336696624756,-0.7728825956583023,0.1316288709640503,0.03323864936828613,-0.749877080321312,-0.44354498386383057,-0.07486438751220703,0.020128518342971802,-0.5751852989196777
0.268684983253479,-0.7776595503091812,0.10502564907073975,0.03061652183532715,-0.7361848801374435,-0.46020960807800293,-0.07393813133239746,0.038597673177719116,-0.5652467012405396
0.2667437791824341,-0.7821154594421387,0.06610715389251709,0.03180718421936035,-0.7249918431043625,-0.4733825922012329,-0.07080626487731934,0.05424661934375763,-0.5395011901855469
0.26684844493865967,-0.7842399477958679,0.022072672843933105,0.03600001335144043,-0.7191855013370514,-0.4805375337600708,-0.06671810150146484,0.062177449464797974,-0.5026216506958008
0.2690025568008423,-0.7834890335798264,-0.01881575584411621,0.04073357582092285,-0.7209196388721466,-0.47964954376220703,-0.06413865089416504,0.059692397713661194,-0.4608452320098877
0.2728525400161743,-0.7809520214796066,-0.04890775680541992,0.04317355155944824,-0.7305199950933456,-0.469828724861145,-0.06554865837097168,0.04755502939224243,-0.420932412147522
0.27771317958831787,-0.7784525007009506,-0.06284201145172119,0.041355133056640625,-0.7459772080183029,-0.451946496963501,-0.07222771644592285,0.02959829568862915,-0.38911592960357666
0.2825833559036255,-0.7771661728620529,-0.05958139896392822,0.03501772880554199,-0.7635346502065659,-0.42905330657958984,-0.0834352970123291,0.010754525661468506,-0.3694833517074585
0.2863847017288208,-0.7769225686788559,-0.04344332218170166,0.025830745697021484,-0.7791188806295395,-0.40611088275909424,-0.09642362594604492,-0.0050733089447021484,-0.36267900466918945
0.2884894609451294,-0.7768612951040268,-0.02260005474090576,0.016846179962158203,-0.7897150963544846,-0.38865864276885986,-0.1075129508972168,-0.01573079824447632,-0.366070032119751
0.2891765832901001,-0.7764145135879517,-0.005463004112243652,0.011261701583862305,-0.7939351201057434,-0.380823016166687,-0.1137845516204834,-0.020397603511810303,-0.37537145614624023
0.28947174549102783,-0.7754356265068054,0.003237605094909668,0.01092386245727539,-0.7918320745229721,-0.3836866617202759,-0.11441755294799805,-0.01927344501018524,-0.3869357109069824
0.29031622409820557,-0.773852527141571,0.004954099655151367,0.015184879302978516,-0.7846173495054245,-0.3948230743408203,-0.11100101470947266,-0.01364181935787201,-0.39978861808776855
0.2916680574417114,-0.7717515230178833,0.007057905197143555,0.020771026611328125,-0.7745300382375717,-0.4093223810195923,-0.1067667007446289,-0.00565551221370697,-0.4163917303085327
0.2922602891921997,-0.7695126533508301,0.019186973571777344,0.023021221160888672,-0.7641375511884689,-0.4222625494003296,-0.10510873794555664,0.0024981051683425903,-0.4414609670639038
0.290195107460022,-0.7670743465423584,0.04772365093231201,0.018019914627075195,-0.7545075863599777,-0.4316142797470093,-0.10804486274719238,0.009689763188362122,-0.47934937477111816
0.2839885950088501,-0.763234093785286,0.0920034646987915,0.004522085189819336,-0.7435028403997421,-0.4395606517791748,-0.11533617973327637,0.01685425639152527,-0.5315755605697632
0.273478627204895,-0.7565627843141556,0.14523637294769287,-0.015277385711669922,-0.7262385934591293,-0.4507189989089966,-0.12462568283081055,0.02744719386100769,-0.5959668159484863
0.26016008853912354,-0.7467994391918182,0.19933640956878662,-0.03641796112060547,-0.6977964490652084,-0.4680696725845337,-0.1324477195739746,0.04612599313259125,-0.6674175262451172
0.24676549434661865,-0.7348403036594391,0.24888432025909424,-0.05304217338562012,-0.6563802659511566,-0.4899715185165405,-0.13567733764648438,0.07558304071426392,-0.7388672828674316
0.23623335361480713,-0.7223680466413498,0.2904003858566284,-0.06073784828186035,-0.6050833761692047,-0.5112732648849487,-0.13284087181091309,0.11440767347812653,-0.801685094833374
0.23059570789337158,-0.7125068753957748,0.318992018699646,-0.05816769599914551,-0.5513802468776703,-0.5273674726486206,-0.1246330738067627,0.158249631524086,-0.8463709354400635
0.2304621934890747,-0.7097738236188889,0.32756245136260986,-0.04695630073547363,-0.5051065385341644,-0.5371741056442261,-0.11328816413879395,0.20179028809070587,-0.8647480010986328
0.2352360486984253,-0.7172501534223557,0.3099864721298218,-0.030000686645507812,-0.4763663709163666,-0.542948842048645,-0.10110640525817871,0.23800678551197052,-0.8529467582702637
0.24350035190582275,-0.7330375164747238,0.2652953863143921,-0.009624719619750977,-0.4731638729572296,-0.5473915338516235,-0.08899474143981934,0.25699664652347565,-0.8126983642578125
0.25324785709381104,-0.750529021024704,0.2001098394393921,0.012740612030029297,-0.498064249753952,-0.5497720241546631,-0.07637691497802734,0.2495877742767334,-0.749893307685852
0.2624157667160034,-0.7631712108850479,0.12754881381988525,0.03503537178039551,-0.5455082356929779,-0.5451174974441528,-0.06325006484985352,0.21478597819805145,-0.672677755355835
0.26996004581451416,-0.7688688635826111,0.06173360347747803,0.05377602577209473,-0.6032304465770721,-0.5290333032608032,-0.05205368995666504,0.16276142001152039,-0.5907783508300781
0.2765723466873169,-0.7695351839065552,0.010931134223937988,0.06624889373779297,-0.6584122478961945,-0.5028111934661865,-0.04619312286376953,0.10824593901634216,-0.5137537717819214
0.2840944528579712,-0.7675882428884506,-0.02490079402923584,0.07293820381164551,-0.7033724039793015,-0.47246992588043213,-0.04702591896057129,0.061338841915130615,-0.44758057594299316
0.29398882389068604,-0.7640985697507858,-0.05069839954376221,0.07659459114074707,-0.7361925691366196,-0.44434523582458496,-0.05326390266418457,0.025029003620147705,-0.39365828037261963
0.3061591386795044,-0.7593290060758591,-0.07154715061187744,0.07942318916320801,-0.7578661292791367,-0.4228551387786865,-0.06260561943054199,-0.0014141201972961426,-0.35131943225860596
0.3189951181411743,-0.753447875380516,-0.09123015403747559,0.08170175552368164,-0.7696707099676132,-0.41106390953063965,-0.07316303253173828,-0.019099831581115723,-0.31984519958496094
0.33045971393585205,-0.7463721334934235,-0.11354374885559082,0.08261919021606445,-0.7722235769033432,-0.41141223907470703,-0.0837101936340332,-0.028728440403938293,-0.2978799343109131
0.33935225009918213,-0.7373655140399933,-0.14248275756835938,0.08183741569519043,-0.7656730264425278,-0.42505717277526855,-0.0933845043182373,-0.03118450939655304,-0.28258585929870605
0.3458060026168823,-0.7253725230693817,-0.179559588432312,0.08017468452453613,-0.7502664178609848,-0.45069873332977295,-0.1015009880065918,-0.027770891785621643,-0.2711505889892578
0.35054147243499756,-0.7105257660150528,-0.2210162878036499,0.07895302772521973,-0.7269441783428192,-0.4844616651535034,-0.10745811462402344,-0.019295409321784973,-0.2634568214416504
0.3533843755722046,-0.695836678147316,-0.2587047815322876,0.07868027687072754,-0.6975539028644562,-0.521186113357544,-0.11057376861572266,-0.0045942217111587524,-0.2624927759170532
0.35251057147979736,-0.6868399530649185,-0.2841302156448364,0.07819128036499023,-0.6643313467502594,-0.5562430620193481,-0.11018896102905273,0.019631609320640564,-0.2721242904663086
0.3455926179885864,-0.688677191734314,-0.2913391590118408,0.07513976097106934,-0.6289556920528412,-0.5865898132324219,-0.1063225269317627,0.056844502687454224,-0.29526209831237793
0.3321753740310669,-0.7027425915002823,-0.2771347761154175,0.06779623031616211,-0.5921576917171478,-0.6103698015213013,-0.10024881362915039,0.1077079027891159,-0.33324646949768066
0.3150235414505005,-0.7250116616487503,-0.24190938472747803,0.05692434310913086,-0.55479896068573,-0.6258901357650757,-0.09396886825561523,0.16733570396900177,-0.38399219512939453
0.2988792657852173,-0.74752476811409,-0.1929842233657837,0.04603862762451172,-0.5202430486679077,-0.6319013833999634,-0.08871030807495117,0.2244047224521637,-0.43892860412597656
0.2876375913619995,-0.7632255852222443,-0.14615261554718018,0.03942561149597168,-0.4957458972930908,-0.629619836807251,-0.08408164978027344,0.2646026909351349,-0.4834786653518677
0.2826298475265503,-0.7699869573116302,-0.12001705169677734,0.03963589668273926,-0.4898739457130432,-0.6231619119644165,-0.07886362075805664,0.2772360146045685,-0.503156304359436
0.2832449674606323,-0.7689260542392731,-0.125848650932312,0.04660534858703613,-0.5068199634552002,-0.6155946254730225,-0.0725092887878418,0.2592290937900543,-0.4897574186325073
0.2884565591812134,-0.7602947056293488,-0.16164207458496094,0.05782008171081543,-0.5428179204463959,-0.6054166555404663,-0.06650614738464355,0.21459978818893433,-0.44378602504730225
0.297427773475647,-0.7436448484659195,-0.21461880207061768,0.06862902641296387,-0.5881390273571014,-0.5893245935440063,-0.06466841697692871,0.1526288241147995,-0.37471723556518555
0.30905425548553467,-0.7209780961275101,-0.26902198791503906,0.0739281177520752,-0.6325366795063019,-0.5673576593399048,-0.07099580764770508,0.08556441962718964,-0.2983471155166626
0.3214327096939087,-0.6974610090255737,-0.3129640817642212,0.07085132598876953,-0.6692280471324921,-0.5436670780181885,-0.08645105361938477,0.02535596489906311,-0.23071444034576416
0.3320392370223999,-0.6789878606796265,-0.34091365337371826,0.05997037887573242,-0.6956330835819244,-0.5232597589492798,-0.10793852806091309,-0.01952221989631653,-0.1823575496673584
0.3386305570602417,-0.6691861748695374,-0.3529418706893921,0.04423165321350098,-0.712360292673111,-0.5088781118392944,-0.13026857376098633,-0.04605111479759216,-0.15594768524169922
0.34013378620147705,-0.668057382106781,-0.35278427600860596,0.02705526351928711,-0.721678227186203,-0.5004228353500366,-0.14894819259643555,-0.05649784207344055,-0.14765000343322754
0.3368016481399536,-0.6729379296302795,-0.34567463397979736,0.011071443557739258,-0.7259914577007294,-0.49644923210144043,-0.16159987449645996,-0.055930525064468384,-0.15078604221343994
0.32983410358428955,-0.6803972125053406,-0.33665215969085693,-0.0020737648010253906,-0.7268342673778534,-0.4958597421646118,-0.16777753829956055,-0.04931405186653137,-0.15921902656555176
0.3211890459060669,-0.6873122453689575,-0.32979869842529297,-0.011355161666870117,-0.7246831357479095,-0.49855947494506836,-0.16841387748718262,-0.04024788737297058,-0.16877222061157227
0.31353986263275146,-0.6911994218826294,-0.3277773857116699,-0.016147375106811523,-0.7193983495235443,-0.5050359964370728,-0.1655569076538086,-0.03107592463493347,-0.1772700548171997
0.3096219301223755,-0.6907539367675781,-0.3309234380722046,-0.016350984573364258,-0.7108396589756012,-0.5154737234115601,-0.16184258460998535,-0.022962719202041626,-0.18456172943115234
0.3109349012374878,-0.6865177154541016,-0.33674705028533936,-0.012578964233398438,-0.6992324888706207,-0.5291980504989624,-0.15938353538513184,-0.01559177041053772,-0.19246244430541992
0.31688201427459717,-0.6809041500091553,-0.3409847021102905,-0.006224632263183594,-0.6851441562175751,-0.5448257923126221,-0.15897631645202637,-0.0071170032024383545,-0.20385253429412842
0.32516586780548096,-0.6773948669433594,-0.339302659034729,0.0005052089691162109,-0.6692445576190948,-0.560785174369812,-0.16053032875061035,0.005273312330245972,-0.22149395942687988
0.33300793170928955,-0.6794283986091614,-0.3278881311416626,0.004786252975463867,-0.652062863111496,-0.5757049322128296,-0.1640913486480713,0.02448853850364685,-0.24782824516296387
0.3381868600845337,-0.6893081665039062,-0.3030118942260742,0.003980159759521484,-0.6336699426174164,-0.5885882377624512,-0.1700763702392578,0.052761226892471313,-0.28558778762817383
0.3393751382827759,-0.7069996148347855,-0.2612806558609009,-0.003200054168701172,-0.6129719316959381,-0.5989952087402344,-0.17844486236572266,0.0911506861448288,-0.33772599697113037
0.3360224962234497,-0.7292527109384537,-0.20151913166046143,-0.015900850296020508,-0.5865423381328583,-0.6072648763656616,-0.18779301643371582,0.13983337581157684,-0.40575718879699707
0.3283275365829468,-0.7503438889980316,-0.12725627422332764,-0.030811309814453125,-0.5479026436805725,-0.6139854192733765,-0.1950085163116455,0.19956424832344055,-0.4867405891418457
0.317416787147522,-0.7649500817060471,-0.047876834869384766,-0.04226875305175781,-0.4893437623977661,-0.6176623106002808,-0.1955552101135254,0.2727293223142624,-0.5697969198226929
0.3052555322647095,-0.7715315222740173,0.022739171981811523,-0.0442500114440918,-0.4077576994895935,-0.6120845079421997,-0.18537521362304688,0.3608968257904053,-0.6348351240158081
0.29400718212127686,-0.7733345627784729,0.07008349895477295,-0.0350797176361084,-0.3117052912712097,-0.589052677154541,-0.16495656967163086,0.45875227451324463,-0.6591476202011108
0.28523457050323486,-0.775325134396553,0.08409583568572998,-0.019926786422729492,-0.22188478708267212,-0.5493487119674683,-0.14103102684020996,0.5505633503198624,-0.6334559917449951
0.2794729471206665,-0.7793680429458618,0.06296169757843018,-0.0056149959564208984,-0.16104525327682495,-0.511582612991333,-0.12095761299133301,0.6154457926750183,-0.5745557546615601
0.27630889415740967,-0.7827571630477905,0.013518810272216797,0.006328582763671875,-0.14391040802001953,-0.5035794973373413,-0.1058499813079834,0.6359697580337524,-0.517109751701355
0.274910569190979,-0.7814172357320786,-0.05205726623535156,0.019591808319091797,-0.17957401275634766,-0.5376657247543335,-0.09118843078613281,0.5989662259817123,-0.4856199026107788
0.2747684717178345,-0.7734947502613068,-0.12139391899108887,0.037392616271972656,-0.2720649838447571,-0.591006875038147,-0.07324552536010742,0.49855276942253113,-0.469624400138855
0.27611982822418213,-0.7598713934421539,-0.18580496311187744,0.056767940521240234,-0.401472270488739,-0.6206842660903931,-0.0552215576171875,0.35552212595939636,-0.4348907470703125
0.27978765964508057,-0.7424846440553665,-0.24138784408569336,0.07041025161743164,-0.523614913225174,-0.6100591421127319,-0.04524707794189453,0.215992733836174,-0.36868274211883545
0.2867237329483032,-0.7227425128221512,-0.28795039653778076,0.07477807998657227,-0.6084864437580109,-0.5798275470733643,-0.04781532287597656,0.11137907207012177,-0.29188859462738037
0.2974344491958618,-0.7012659311294556,-0.3268331289291382,0.07166028022766113,-0.6573595106601715,-0.5525428056716919,-0.06164383888244629,0.0410294234752655,-0.22572112083435059
0.311242938041687,-0.678867757320404,-0.35878193378448486,0.06406140327453613,-0.6846977770328522,-0.5337384939193726,-0.08305120468139648,-0.008707016706466675,-0.17496800422668457
0.3258324861526489,-0.6574811339378357,-0.3833214044570923,0.05387234687805176,-0.7020354568958282,-0.5201667547225952,-0.10782980918884277,-0.04743131995201111,-0.1368567943572998
0.33779823780059814,-0.6396161913871765,-0.4000132083892822,0.0418241024017334,-0.7146491706371307,-0.5090187788009644,-0.13184380531311035,-0.07790997624397278,-0.109017014503479
0.3440934419631958,-0.6266614198684692,-0.40990281105041504,0.028217554092407227,-0.7239495813846588,-0.49980711936950684,-0.15174555778503418,-0.10016515851020813,-0.08991575241088867
0.3433924913406372,-0.6180613040924072,-0.41531383991241455,0.013798236846923828,-0.7300520837306976,-0.49310100078582764,-0.16546392440795898,-0.11486777663230896,-0.07779860496520996
0.3366755247116089,-0.6123576164245605,-0.4183192253112793,0.00034809112548828125,-0.7329959571361542,-0.4894477128982544,-0.1721971035003662,-0.12351533770561218,-0.07113993167877197
0.32699573040008545,-0.6087636351585388,-0.4197392463684082,-0.009515047073364258,-0.7329399883747101,-0.48921167850494385,-0.1723804473876953,-0.12705335021018982,-0.06948387622833252
0.318423867225647,-0.6075806021690369,-0.4195859432220459,-0.01346731185913086,-0.7298620045185089,-0.492895245552063,-0.16776084899902344,-0.1251583993434906,-0.07332074642181396
0.31433379650115967,-0.6091911792755127,-0.4179636240005493,-0.01089620590209961,-0.7234080731868744,-0.5010572671890259,-0.16109967231750488,-0.11709389090538025,-0.08310508728027344
0.31596577167510986,-0.613012969493866,-0.4150279760360718,-0.0035212039947509766,-0.7133439481258392,-0.5135395526885986,-0.15535664558410645,-0.10320797562599182,-0.09852302074432373
0.3223804235458374,-0.6182575225830078,-0.40964388847351074,0.005300045013427734,-0.700268417596817,-0.5288006067276001,-0.15295004844665527,-0.08488789200782776,-0.11916816234588623
0.33164656162261963,-0.6262192130088806,-0.39760661125183105,0.01186513900756836,-0.685621589422226,-0.5443403720855713,-0.15565109252929688,-0.06227937340736389,-0.1467452049255371
0.3418687582015991,-0.6407935619354248,-0.3715442419052124,0.012876749038696289,-0.6702993214130402,-0.558315634727478,-0.16486167907714844,-0.03238275647163391,-0.1867828369140625
0.35125863552093506,-0.6647428274154663,-0.3240642547607422,0.005658388137817383,-0.6523915827274323,-0.5712176561355591,-0.18146991729736328,0.009474247694015503,-0.24716484546661377
0.35803210735321045,-0.6948873549699783,-0.2527122497558594,-0.010960578918457031,-0.6259776651859283,-0.5856513977050781,-0.20486235618591309,0.06603269279003143,-0.3329505920410156
0.36100852489471436,-0.7226545512676239,-0.1632823944091797,-0.03480124473571777,-0.5832758247852325,-0.6030279397964478,-0.23167943954467773,0.1365017294883728,-0.43975698947906494
0.36022841930389404,-0.7404212206602097,-0.06840026378631592,-0.059709787368774414,-0.5208922624588013,-0.6196681261062622,-0.25580787658691406,0.21665196120738983,-0.5512793064117432
0.35641276836395264,-0.7467244863510132,0.01792430877685547,-0.07874846458435059,-0.446391224861145,-0.6284455060958862,-0.27103090286254883,0.2974562644958496,-0.6463812589645386
0.3498145341873169,-0.7459489852190018,0.08491647243499756,-0.0891270637512207,-0.37678927183151245,-0.6266435384750366,-0.2748112678527832,0.36628271639347076,-0.711571455001831
0.33993566036224365,-0.744718924164772,0.126001238822937,-0.0927891731262207,-0.327566921710968,-0.6196092367172241,-0.26859450340270996,0.41427500545978546,-0.745621919631958
0.32607877254486084,-0.7482598572969437,0.13813388347625732,-0.09222352504730225,-0.3041362166404724,-0.6146112680435181,-0.2541719675064087,0.4412466436624527,-0.7527565956115723
0.30760014057159424,-0.7580430656671524,0.12205302715301514,-0.08745825290679932,-0.303403377532959,-0.6143434047698975,-0.23092806339263916,0.45176269114017487,-0.7364078760147095
0.28372466564178467,-0.7716183811426163,0.08337104320526123,-0.07704401016235352,-0.3200860619544983,-0.6171642541885376,-0.1966383457183838,0.4486553221940994,-0.7005467414855957
0.25369465351104736,-0.7849569916725159,0.032885193824768066,-0.060718536376953125,-0.3509891629219055,-0.6200739145278931,-0.1502828598022461,0.4310908317565918,-0.652970552444458
0.21749579906463623,-0.7956041097640991,-0.014965415000915527,-0.04086613655090332,-0.39509135484695435,-0.6199115514755249,-0.09423160552978516,0.3976357579231262,-0.6049575805664062
0.17661964893341064,-0.8039036840200424,-0.04589343070983887,-0.02215409278869629,-0.45094621181488037,-0.6132785081863403,-0.03464341163635254,0.3500804752111435,-0.5673965215682983
0.13417518138885498,-0.8110806196928024,-0.051686763763427734,-0.009854555130004883,-0.5143289864063263,-0.5973588228225708,0.02010059356689453,0.2938746362924576,-0.5456835031509399
0.09411180019378662,-0.8165674731135368,-0.036077022552490234,-0.007154941558837891,-0.577992707490921,-0.571926474571228,0.06286358833312988,0.23569776862859726,-0.5358608961105347
0.0602259635925293,-0.8186693117022514,-0.015614986419677734,-0.012911319732666016,-0.6335655152797699,-0.5408737659454346,0.09099304676055908,0.18222679942846298,-0.5252702236175537
0.03592538833618164,-0.8171643540263176,-0.011612892150878906,-0.022130966186523438,-0.6743300259113312,-0.5117069482803345,0.10607397556304932,0.13995733112096786,-0.5001055002212524
0.024622440338134766,-0.8122749254107475,-0.03650832176208496,-0.029230117797851562,-0.6969685256481171,-0.4927610158920288,0.11027777194976807,0.11242940276861191,-0.4562641382217407
0.029704809188842773,-0.8024013489484787,-0.08486330509185791,-0.03133225440979004,-0.7011655271053314,-0.4895550012588501,0.10309326648712158,0.09835882484912872,-0.40470314025878906
0.05371260643005371,-0.7868581712245941,-0.13692092895507812,-0.029026269912719727,-0.6881822645664215,-0.5026628971099854,0.08139145374298096,0.09579890966415405,-0.3657534122467041
0.09705793857574463,-0.7686344087123871,-0.17177462577819824,-0.024577856063842773,-0.6602465212345123,-0.5281071662902832,0.04249453544616699,0.1055108904838562,-0.35634398460388184
0.15634214878082275,-0.7513380944728851,-0.17709267139434814,-0.01996016502380371,-0.6211309134960175,-0.5591062307357788,-0.01217198371887207,0.12733018398284912,-0.38202500343322754
0.22328412532806396,-0.7363695204257965,-0.14833450317382812,-0.017010927200317383,-0.5770265758037567,-0.5881587266921997,-0.07616472244262695,0.15646594762802124,-0.43983566761016846
0.28671538829803467,-0.723390206694603,-0.08497416973114014,-0.01915907859802246,-0.535844475030899,-0.6098064184188843,-0.14174413681030273,0.18466873466968536,-0.524843692779541
0.3371936082839966,-0.7097187042236328,0.007572650909423828,-0.03186392784118652,-0.5030755400657654,-0.6232765913009644,-0.2049272060394287,0.20376616716384888,-0.6308606863021851
0.3695486783981323,-0.6920499950647354,0.11276137828826904,-0.06000518798828125,-0.4762638211250305,-0.6323132514953613,-0.2654235363006592,0.21290917694568634,-0.7450860738754272
0.38165533542633057,-0.6745934188365936,0.20512449741363525,-0.10304796695709229,-0.44460827112197876,-0.6414629220962524,-0.32057297229766846,0.2271081507205963,-0.8465988636016846
0.37327611446380615,-0.6702138483524323,0.26295506954193115,-0.15135061740875244,-0.3977286219596863,-0.651434063911438,-0.3604964017868042,0.2696082293987274,-0.914400577545166
0.34724628925323486,-0.686399444937706,0.27905571460723877,-0.18928253650665283,-0.3375963568687439,-0.6581007242202759,-0.3723984956741333,0.34592609107494354,-0.9371678829193115
0.3103286027908325,-0.7157227247953415,0.2621191740036011,-0.20549070835113525,-0.2802264094352722,-0.6575349569320679,-0.3516889810562134,0.4326193183660507,-0.9196655750274658
0.2709590196609497,-0.7448299825191498,0.23023760318756104,-0.1997767686843872,-0.2435932755470276,-0.6508078575134277,-0.3066054582595825,0.49835970997810364,-0.8810569047927856
0.23501598834991455,-0.767014890909195,0.19785821437835693,-0.17929911613464355,-0.23575031757354736,-0.6420568227767944,-0.2501847743988037,0.528387576341629,-0.8399264812469482
0.20305335521697998,-0.7833311855792999,0.16717207431793213,-0.15123188495635986,-0.2546674609184265,-0.6340583562850952,-0.19015491008758545,0.5257867276668549,-0.8012418746948242
0.171270489692688,-0.7968160659074783,0.13276970386505127,-0.12028992176055908,-0.29545921087265015,-0.6270214319229126,-0.12743008136749268,0.49847985804080963,-0.7598025798797607
0.1356128454208374,-0.8082283809781075,0.0911329984664917,-0.08976876735687256,-0.35547536611557007,-0.6190205812454224,-0.061251282691955566,0.44987601786851883,-0.7101650238037109
0.09590470790863037,-0.815899133682251,0.043346524238586426,-0.06247091293334961,-0.43247494101524353,-0.6056288480758667,0.005754709243774414,0.3805471956729889,-0.64898681640625
0.056725382804870605,-0.8179035112261772,-0.00889122486114502,-0.04143548011779785,-0.5187314450740814,-0.5817867517471313,0.06596946716308594,0.29629506915807724,-0.5729069709777832
0.02462029457092285,-0.8133179992437363,-0.06566870212554932,-0.029982805252075195,-0.5999824106693268,-0.5478512048721313,0.10952723026275635,0.21045859158039093,-0.4821939468383789
0.004853725433349609,-0.8021775782108307,-0.1257542371749878,-0.02968597412109375,-0.6630074679851532,-0.5123611688613892,0.12959063053131104,0.13629311323165894,-0.38661837577819824
0.0008443593978881836,-0.7858611643314362,-0.1834944486618042,-0.03818798065185547,-0.7028351724147797,-0.4859713315963745,0.12509799003601074,0.08014899492263794,-0.3024883270263672
0.015410423278808594,-0.7671775966882706,-0.23153972625732422,-0.049619197845458984,-0.721597820520401,-0.4747527837753296,0.09910070896148682,0.04270277917385101,-0.24322450160980225
0.05058276653289795,-0.7481449395418167,-0.2662231922149658,-0.05714988708496094,-0.7229110896587372,-0.48039424419403076,0.05639767646789551,0.022356852889060974,-0.21418249607086182
0.10518825054168701,-0.7280236631631851,-0.2883228063583374,-0.05594062805175781,-0.7080625593662262,-0.5030111074447632,0.0030014514923095703,0.01708410680294037,-0.21469974517822266
0.1728588342666626,-0.7057933807373047,-0.29811954498291016,-0.045465946197509766,-0.6760178506374359,-0.5404810905456543,-0.05419445037841797,0.02689853310585022,-0.24237298965454102
0.242989182472229,-0.6849753856658936,-0.2909654378890991,-0.03056502342224121,-0.6269379556179047,-0.5856925249099731,-0.10942387580871582,0.05516043305397034,-0.2947385311126709
0.3042341470718384,-0.6738752722740173,-0.2588285207748413,-0.020542383193969727,-0.5665881037712097,-0.6277257204055786,-0.1606462001800537,0.10441017150878906,-0.3689086437225342
0.34832751750946045,-0.678329199552536,-0.19578945636749268,-0.02566838264465332,-0.505834698677063,-0.6581584215164185,-0.20986557006835938,0.16961750388145447,-0.46238040924072266
0.37228500843048096,-0.6938367336988449,-0.1032564640045166,-0.05199456214904785,-0.45286256074905396,-0.6754194498062134,-0.2601492404937744,0.2380971759557724,-0.5721744298934937
0.37826645374298096,-0.7079641222953796,0.00584101676940918,-0.0971074104309082,-0.40610557794570923,-0.6823748350143433,-0.31124353408813477,0.29898154735565186,-0.6882272958755493
0.37122976779937744,-0.7130275517702103,0.10876691341400146,-0.14909052848815918,-0.3573707938194275,-0.6818746328353882,-0.3561899662017822,0.3527797609567642,-0.7906529903411865
0.3552466630935669,-0.713500052690506,0.18447434902191162,-0.1910332441329956,-0.3025398850440979,-0.6752766370773315,-0.3821495771408081,0.4080831706523895,-0.85976243019104
0.33163321018218994,-0.7187459766864777,0.22419440746307373,-0.21055126190185547,-0.247605562210083,-0.6633627414703369,-0.378054141998291,0.4682634174823761,-0.8875685930252075
0.30122244358062744,-0.7325948178768158,0.2310580015182495,-0.20650601387023926,-0.20384198427200317,-0.6478354930877686,-0.3435981273651123,0.5258758366107941,-0.8789049386978149
0.26713430881500244,-0.7519893944263458,0.2133270502090454,-0.18643593788146973,-0.17916852235794067,-0.6318570375442505,-0.2894399166107178,0.5699438750743866,-0.8451955318450928
0.23348724842071533,-0.7720707356929779,0.17895734310150146,-0.15900325775146484,-0.17510491609573364,-0.6187297105789185,-0.22836017608642578,0.5940888226032257,-0.7976984977722168
0.20187437534332275,-0.7896901518106461,0.13403618335723877,-0.12956631183624268,-0.18990284204483032,-0.6102986335754395,-0.16731035709381104,0.5969103127717972,-0.7443462610244751
0.17050182819366455,-0.8033788949251175,0.08381140232086182,-0.10035490989685059,-0.22241681814193726,-0.6065760850906372,-0.10672640800476074,0.5780850797891617,-0.6903989315032959
0.1369560956954956,-0.8123762607574463,0.03288161754608154,-0.07216835021972656,-0.27301865816116333,-0.6057289838790894,-0.04499411582946777,0.5364806056022644,-0.6386220455169678
0.10159695148468018,-0.8160030171275139,-0.016938090324401855,-0.04596853256225586,-0.341622531414032,-0.6038535833358765,0.01656484603881836,0.47150348871946335,-0.5869269371032715
0.06857657432556152,-0.8132593482732773,-0.06797826290130615,-0.024232864379882812,-0.4245930314064026,-0.5956701040267944,0.07132089138031006,0.38578931987285614,-0.5277032852172852
0.043602824211120605,-0.8029117286205292,-0.1236504316329956,-0.011403322219848633,-0.5127420723438263,-0.5773147344589233,0.10912418365478516,0.2872926592826843,-0.4536757469177246
0.030313968658447266,-0.7845244109630585,-0.18265223503112793,-0.012192249298095703,-0.5930981338024139,-0.5500649213790894,0.12162411212921143,0.18854928016662598,-0.3674241304397583
0.0288926362991333,-0.7602754384279251,-0.23721349239349365,-0.0279541015625,-0.6545729339122772,-0.5209019184112549,0.1072835922241211,0.10282550752162933,-0.2836998701095581
0.03840160369873047,-0.7350800782442093,-0.27875983715057373,-0.054086923599243164,-0.6923311650753021,-0.49865972995758057,0.07164180278778076,0.03987191617488861,-0.2199113368988037
0.05979287624359131,-0.7132773995399475,-0.3044496774673462,-0.08100652694702148,-0.7067877948284149,-0.49063241481781006,0.0233309268951416,0.003612607717514038,-0.18619418144226074
0.09562599658966064,-0.6962272524833679,-0.3158857822418213,-0.09817981719970703,-0.699704498052597,-0.5016992092132568,-0.02967548370361328,-0.006354242563247681,-0.18582487106323242
0.14660227298736572,-0.6845305562019348,-0.31130194664001465,-0.09913778305053711,-0.6717090308666229,-0.5320595502853394,-0.08160972595214844,0.009944528341293335,-0.22076904773712158
0.20849788188934326,-0.6805964261293411,-0.28146588802337646,-0.08521842956542969,-0.6238521039485931,-0.573661208152771,-0.12958598136901855,0.05386732518672943,-0.2922067642211914
0.2724260091781616,-0.685403898358345,-0.21606040000915527,-0.06596565246582031,-0.5622403621673584,-0.6124359369277954,-0.17426133155822754,0.12028653919696808,-0.396386981010437
0.3283306360244751,-0.6927565634250641,-0.11521589756011963,-0.05468463897705078,-0.49835771322250366,-0.6380759477615356,-0.21888494491577148,0.19152185320854187,-0.5228714942932129
0.3687235116958618,-0.692759096622467,0.004906058311462402,-0.060962677001953125,-0.44058459997177124,-0.6503876447677612,-0.26555585861206055,0.24929749965667725,-0.6553051471710205
0.38987839221954346,-0.6837129145860672,0.1183856725692749,-0.0850362777709961,-0.38671737909317017,-0.654723048210144,-0.31078433990478516,0.2941185384988785,-0.7731201648712158
0.3911789655685425,-0.6759234368801117,0.20243942737579346,-0.11660420894622803,-0.32888680696487427,-0.654147744178772,-0.3436528444290161,0.34415963292121887,-0.8565986156463623
0.37475788593292236,-0.681538313627243,0.2454925775527954,-0.13987469673156738,-0.2665991187095642,-0.6476355791091919,-0.35050225257873535,0.4120621979236603,-0.8931396007537842
0.3452821969985962,-0.7030998766422272,0.2476581335067749,-0.1443643569946289,-0.21185415983200073,-0.6346015930175781,-0.3255162239074707,0.4883687198162079,-0.8822711706161499
0.3085554838180542,-0.7329300940036774,0.21857178211212158,-0.13113820552825928,-0.17964309453964233,-0.6187112331390381,-0.2755633592605591,0.5504100024700165,-0.8372944593429565
0.2691270112991333,-0.7615667283535004,0.17296826839447021,-0.10753858089447021,-0.17678886651992798,-0.6052942276000977,-0.21253526210784912,0.5819008648395538,-0.7782739400863647
0.22875678539276123,-0.7843788415193558,0.12352001667022705,-0.07962155342102051,-0.200822651386261,-0.5967404842376709,-0.14424800872802734,0.5806791931390762,-0.7202719449996948
0.18728125095367432,-0.8010456711053848,0.07585656642913818,-0.05082440376281738,-0.24567276239395142,-0.592553973197937,-0.0739753246307373,0.5524959117174149,-0.6684219837188721
0.1451166868209839,-0.8121196031570435,0.02811741828918457,-0.023805856704711914,-0.30715686082839966,-0.591640830039978,-0.004792213439941406,0.5020857453346252,-0.6197696924209595
0.10507142543792725,-0.8168541118502617,-0.027118802070617676,-0.0015304088592529297,-0.3834255337715149,-0.5914739370346069,0.05752849578857422,0.43055158108472824,-0.5643665790557861
0.07197046279907227,-0.8124040141701698,-0.09771549701690674,0.011805057525634766,-0.4695456922054291,-0.5868614912033081,0.1039649248123169,0.3399813249707222,-0.48915743827819824
0.05057942867279053,-0.7948818504810333,-0.18308544158935547,0.010884523391723633,-0.5532930195331573,-0.5741252899169922,0.1244354248046875,0.23871183395385742,-0.3910512924194336
0.04364490509033203,-0.7641603499650955,-0.2695826292037964,-0.00700068473815918,-0.6197998225688934,-0.556615948677063,0.11348474025726318,0.14148353040218353,-0.2870447635650635
0.05170178413391113,-0.7277316451072693,-0.33918297290802,-0.037592172622680664,-0.6604346930980682,-0.5428590774536133,0.0748363733291626,0.0644199550151825,-0.20368754863739014
0.07445740699768066,-0.6947550624608994,-0.3842681646347046,-0.07053470611572266,-0.6751280725002289,-0.5405443906784058,0.019138216972351074,0.016749992966651917,-0.15628767013549805
0.11160385608673096,-0.6663083434104919,-0.4121798276901245,-0.09487640857696533,-0.6675240695476532,-0.5542181730270386,-0.042349934577941895,-0.00409272313117981,-0.14204978942871094
0.16155469417572021,-0.635696142911911,-0.43627429008483887,-0.10452413558959961,-0.6400370299816132,-0.5851064920425415,-0.10194849967956543,-0.007217884063720703,-0.1488436460494995
0.21932876110076904,-0.5978822410106659,-0.46300649642944336,-0.10143160820007324,-0.5932025909423828,-0.6295150518417358,-0.1566300392150879,0.0018026530742645264,-0.16651999950408936
0.27615177631378174,-0.5582901537418365,-0.4867337942123413,-0.09589016437530518,-0.5289661884307861,-0.6782559156417847,-0.20791161060333252,0.02644696831703186,-0.19153356552124023
0.3219963312149048,-0.533479779958725,-0.49610471725463867,-0.10224735736846924,-0.4537457823753357,-0.720091700553894,-0.26011335849761963,0.07685700058937073,-0.22399842739105225
0.34964072704315186,-0.5403991639614105,-0.48202335834503174,-0.12987518310546875,-0.37643665075302124,-0.7465300559997559,-0.3153855800628662,0.16108551621437073,-0.264518141746521
0.35754406452178955,-0.5817684233188629,-0.439103364944458,-0.1746048927307129,-0.3031225800514221,-0.7539457082748413,-0.36801862716674805,0.27576884627342224,-0.3148537874221802
0.3498643636703491,-0.641690194606781,-0.36815452575683594,-0.2185804843902588,-0.23603063821792603,-0.7440453767776489,-0.4043145179748535,0.4027825593948364,-0.37590229511260986
0.3335610628128052,-0.6973661333322525,-0.28224098682403564,-0.24142801761627197,-0.17824500799179077,-0.7231689691543579,-0.41085875034332275,0.5162441283464432,-0.44093942642211914
0.3142615556716919,-0.7359463721513748,-0.20309436321258545,-0.23444831371307373,-0.1365935206413269,-0.6984866857528687,-0.38457953929901123,0.5964758545160294,-0.4954037666320801
0.2936655282974243,-0.7587441504001617,-0.1471768617630005,-0.2043064832687378,-0.11796742677688599,-0.6747874021530151,-0.3338416814804077,0.6378997266292572,-0.5276219844818115
0.2698737382888794,-0.7727971374988556,-0.11852741241455078,-0.1640697717666626,-0.1243928074836731,-0.6548181772232056,-0.2698131799697876,0.6455273330211639,-0.5363022089004517
0.23992478847503662,-0.7830734550952911,-0.11403155326843262,-0.12336528301239014,-0.15270471572875977,-0.6398810148239136,-0.19915974140167236,0.6274917423725128,-0.5258609056472778
0.20275342464447021,-0.790318638086319,-0.13053154945373535,-0.08619236946105957,-0.19781553745269775,-0.6299623250961304,-0.12481546401977539,0.5896261036396027,-0.4994422197341919
0.16063153743743896,-0.7921527922153473,-0.16552674770355225,-0.05358457565307617,-0.25604933500289917,-0.6241925954818726,-0.05008578300476074,0.5332264602184296,-0.4586772918701172
0.11836516857147217,-0.7856046706438065,-0.21391284465789795,-0.026361703872680664,-0.3258363604545593,-0.6202672719955444,0.019403457641601562,0.4568913131952286,-0.40636587142944336
0.08146202564239502,-0.7698297053575516,-0.2669318914413452,-0.006729602813720703,-0.40516531467437744,-0.6136623620986938,0.07593870162963867,0.3617873936891556,-0.3467419147491455
0.05477488040924072,-0.7474353313446045,-0.3145333528518677,0.0019378662109375,-0.4885021150112152,-0.5993651151657104,0.11129331588745117,0.2560562193393707,-0.28484320640563965
0.041782498359680176,-0.7236226797103882,-0.3484872579574585,-0.002295970916748047,-0.5668765604496002,-0.575640082359314,0.12005186080932617,0.1538691222667694,-0.22716426849365234
0.04402494430541992,-0.7032354474067688,-0.36524808406829834,-0.017260074615478516,-0.631604939699173,-0.5460203886032104,0.10284531116485596,0.06875351071357727,-0.18078374862670898
0.060692787170410156,-0.6872010231018066,-0.36830413341522217,-0.03717041015625,-0.6779325306415558,-0.5176084041595459,0.06626713275909424,0.0063914954662323,-0.1493157148361206
0.08878052234649658,-0.6718760132789612,-0.36761701107025146,-0.05565071105957031,-0.7052426040172577,-0.49795210361480713,0.0196990966796875,-0.036243587732315063,-0.13034653663635254
0.12405502796173096,-0.6524527668952942,-0.3741180896759033,-0.06838107109069824,-0.7146506011486053,-0.49302875995635986,-0.028305768966674805,-0.06507483124732971,-0.11892211437225342
0.16260111331939697,-0.6269562244415283,-0.3919820785522461,-0.07405972480773926,-0.706736296415329,-0.5061277151107788,-0.07253050804138184,-0.08265706896781921,-0.11415708065032959
0.2020334005355835,-0.5984894633293152,-0.4149857759475708,-0.07383275032043457,-0.6809616982936859,-0.5365757942199707,-0.11173582077026367,-0.08534923195838928,-0.12160146236419678
0.24141943454742432,-0.5757136046886444,-0.4298340082168579,-0.07010126113891602,-0.6369194686412811,-0.5788205862045288,-0.14739036560058594,-0.06408286094665527,-0.14899802207946777
0.2799011468887329,-0.5697869658470154,-0.4229539632797241,-0.06608462333679199,-0.576514720916748,-0.6234134435653687,-0.1818554401397705,-0.00960475206375122,-0.2004709243774414
0.3151742219924927,-0.5874051451683044,-0.38531744480133057,-0.06630349159240723,-0.5051430463790894,-0.6604281663894653,-0.2173473834991455,0.07938510179519653,-0.27512216567993164
0.343295693397522,-0.6250936985015869,-0.3140888214111328,-0.07581591606140137,-0.42994922399520874,-0.6834708452224731,-0.25498127937316895,0.19226747751235962,-0.3693934679031372
0.3600860834121704,-0.6700716912746429,-0.21410095691680908,-0.09649133682250977,-0.3559877872467041,-0.691041111946106,-0.2924470901489258,0.3112069070339203,-0.47695159912109375
0.3630880117416382,-0.7077132910490036,-0.09981191158294678,-0.12307369709014893,-0.2847939729690552,-0.6846514940261841,-0.3220313787460327,0.42004232108592987,-0.5848510265350342
0.3530484437942505,-0.7308149337768555,0.007177233695983887,-0.14464426040649414,-0.2181212306022644,-0.6670688390731812,-0.33356237411499023,0.5098167061805725,-0.6742575168609619
0.333868145942688,-0.7425738126039505,0.08756506443023682,-0.1525425910949707,-0.1617857813835144,-0.642680287361145,-0.3222804069519043,0.5779110342264175,-0.7302567958831787
0.3104671239852905,-0.7506147772073746,0.1326969861984253,-0.14680516719818115,-0.12337976694107056,-0.6179062128067017,-0.2931419610977173,0.6243580132722855,-0.7506146430969238
0.2861381769180298,-0.7602492123842239,0.14372646808624268,-0.1335989236831665,-0.1072613000869751,-0.5994662046432495,-0.2556067705154419,0.6501109153032303,-0.7432041168212891
0.26147282123565674,-0.7729301005601883,0.1253143548965454,-0.11812806129455566,-0.11339741945266724,-0.5912257432937622,-0.215470552444458,0.6566556841135025,-0.7165515422821045
0.23507654666900635,-0.7871412187814713,0.08209121227264404,-0.10156536102294922,-0.13935405015945435,-0.5925818681716919,-0.17251157760620117,0.6449101716279984,-0.6746845245361328
0.20496118068695068,-0.7992774248123169,0.02004718780517578,-0.08297133445739746,-0.18188488483428955,-0.599854588508606,-0.12380218505859375,0.6145155429840088,-0.6199132204055786
0.16980159282684326,-0.8055043667554855,-0.05143082141876221,-0.06236767768859863,-0.2376231551170349,-0.608716607093811,-0.0680389404296875,0.5650042146444321,-0.5572972297668457
0.130060076713562,-0.8040895238518715,-0.1215125322341919,-0.04221677780151367,-0.3034546375274658,-0.6154488325119019,-0.008146524429321289,0.4977578893303871,-0.49394774436950684
0.08885776996612549,-0.7955146133899689,-0.18335366249084473,-0.02683734893798828,-0.3759257197380066,-0.6170789003372192,0.048435211181640625,0.4167118966579437,-0.4337366819381714
0.05163753032684326,-0.7804135233163834,-0.23733234405517578,-0.02060866355895996,-0.4495217204093933,-0.6118791103363037,0.09188413619995117,0.3280148059129715,-0.3745582103729248
0.02426278591156006,-0.7586878091096878,-0.2876232862472534,-0.025957107543945312,-0.5160729587078094,-0.6008461713790894,0.11391043663024902,0.2397378534078598,-0.3132343292236328
0.011212348937988281,-0.7310882210731506,-0.3354933261871338,-0.04211258888244629,-0.5673101246356964,-0.5884000062942505,0.11080539226531982,0.16090109944343567,-0.2529181241989136
0.015382528305053711,-0.7005801200866699,-0.3776170015335083,-0.0653994083404541,-0.5983396470546722,-0.5805379152297974,0.08334839344024658,0.09936347603797913,-0.20293235778808594
0.038248538970947266,-0.6704883575439453,-0.4108844995498657,-0.09062111377716064,-0.6083416640758514,-0.5819939374923706,0.035260677337646484,0.05926969647407532,-0.17112088203430176
0.07851922512054443,-0.6416531503200531,-0.4356236457824707,-0.11250424385070801,-0.598716527223587,-0.5947593450546265,-0.026893138885498047,0.04005962610244751,-0.15914714336395264
0.13052403926849365,-0.6142626106739044,-0.45240604877471924,-0.12698078155517578,-0.5714587569236755,-0.6177211999893188,-0.09337449073791504,0.03992685675621033,-0.16532659530639648
0.1853252649307251,-0.5931283533573151,-0.45775914192199707,-0.13250494003295898,-0.5292361378669739,-0.6464961767196655,-0.1536998748779297,0.06101521849632263,-0.18874847888946533
0.23440897464752197,-0.5881023705005646,-0.44484663009643555,-0.13120031356811523,-0.4767463207244873,-0.674178957939148,-0.2014789581298828,0.10847905278205872,-0.22934377193450928
0.27247846126556396,-0.6067653894424438,-0.4068962335586548,-0.12896668910980225,-0.42159920930862427,-0.6940853595733643,-0.23731482028961182,0.18228918313980103,-0.28720057010650635
0.29762089252471924,-0.6466851234436035,-0.3395204544067383,-0.1332552433013916,-0.37225931882858276,-0.7032122611999512,-0.26674580574035645,0.2715488076210022,-0.36370325088500977
0.3102673292160034,-0.6948563009500504,-0.2434908151626587,-0.14862167835235596,-0.3328363299369812,-0.7028101682662964,-0.294758677482605,0.3591429740190506,-0.45933079719543457
0.3121286630630493,-0.7349317967891693,-0.12833690643310547,-0.17263507843017578,-0.299721896648407,-0.6954609155654907,-0.3206334114074707,0.4323329031467438,-0.5671354532241821
0.3050910234451294,-0.7572135925292969,-0.012105464935302734,-0.1955012083053589,-0.26562678813934326,-0.6828094720840454,-0.3364619016647339,0.48870980739593506,-0.6707154512405396
0.2905992269515991,-0.7636459618806839,0.0856548547744751,-0.20581328868865967,-0.2284674048423767,-0.6657317876815796,-0.3322821855545044,0.5323015600442886,-0.7513980865478516
0.27014100551605225,-0.7634120136499405,0.15298759937286377,-0.1992725133895874,-0.19528073072433472,-0.6456528902053833,-0.30528318881988525,0.5652542859315872,-0.798651933670044
0.2457960844039917,-0.7643593847751617,0.18912971019744873,-0.1809554100036621,-0.17677360773086548,-0.6261504888534546,-0.2626211643218994,0.5847087800502777,-0.8152916431427002
0.2195824384689331,-0.7691299617290497,0.20093953609466553,-0.15853488445281982,-0.17986714839935303,-0.6119328737258911,-0.21398699283599854,0.5863858163356781,-0.8128838539123535
0.19221913814544678,-0.7770880162715912,0.1966639757156372,-0.13592982292175293,-0.20592659711837769,-0.6052173376083374,-0.1640186309814453,0.568284422159195,-0.8018927574157715
0.16280901432037354,-0.7868659794330597,0.18223369121551514,-0.11359405517578125,-0.2532798647880554,-0.6043499708175659,-0.11227273941040039,0.5307091176509857,-0.7865951061248779
0.1300581693649292,-0.796886995434761,0.16142356395721436,-0.09177541732788086,-0.31924885511398315,-0.6049928665161133,-0.057703256607055664,0.47476114332675934,-0.7664278745651245
0.09448087215423584,-0.8052070289850235,0.13684332370758057,-0.07250308990478516,-0.3993426561355591,-0.6012359857559204,-0.0028536319732666016,0.40298737585544586,-0.7380907535552979
0.0600050687789917,-0.8100525289773941,0.10911166667938232,-0.05965900421142578,-0.4850718677043915,-0.5877931118011475,0.044466257095336914,0.32210366427898407,-0.6969162225723267
0.03333640098571777,-0.81049794703722,0.07607924938201904,-0.057120323181152344,-0.5646036565303802,-0.5640628337860107,0.07367360591888428,0.2430172935128212,-0.6401535272598267
0.02128124237060547,-0.8062106966972351,0.03546798229217529,-0.06572365760803223,-0.6271879971027374,-0.5359925031661987,0.0771254301071167,0.17614570260047913,-0.5714719295501709
0.027952075004577637,-0.7969480156898499,-0.010767102241516113,-0.08193564414978027,-0.6667639315128326,-0.51338791847229,0.054242610931396484,0.12730708718299866,-0.5026322603225708
0.05314469337463379,-0.7832002490758896,-0.05617868900299072,-0.09988820552825928,-0.6814875304698944,-0.5056983232498169,0.011097431182861328,0.09883572161197662,-0.44953107833862305
0.09205496311187744,-0.7670407146215439,-0.09427297115325928,-0.11494934558868408,-0.6709428131580353,-0.5184661149978638,-0.04287397861480713,0.09322090446949005,-0.42420458793640137
0.13661348819732666,-0.7518933117389679,-0.12109851837158203,-0.12559258937835693,-0.6347546279430389,-0.5500301122665405,-0.0980757474899292,0.1142616868019104,-0.42894303798675537
0.17831957340240479,-0.7417986690998077,-0.13295269012451172,-0.1323336362838745,-0.5749614536762238,-0.5902339220046997,-0.1465228796005249,0.16396021842956543,-0.45729267597198486
0.21111047267913818,-0.7400003373622894,-0.12428271770477295,-0.1358882188796997,-0.4999697804450989,-0.6248902082443237,-0.1828683614730835,0.237153559923172,-0.5006189346313477
0.2325960397720337,-0.7465483397245407,-0.0897895097732544,-0.1369413137435913,-0.4236311912536621,-0.6444557905197144,-0.2054070234298706,0.32004015147686005,-0.5546777248382568
0.24311625957489014,-0.7570165246725082,-0.02848672866821289,-0.13648653030395508,-0.3579462170600891,-0.6483280658721924,-0.21547245979309082,0.3961933106184006,-0.6198527812957764
0.24374711513519287,-0.764432966709137,0.05388748645782471,-0.1347191333770752,-0.3075255751609802,-0.6409639120101929,-0.21433591842651367,0.4540303945541382,-0.6948628425598145
0.23542296886444092,-0.7633162289857864,0.1456843614578247,-0.12988793849945068,-0.27161771059036255,-0.6265350580215454,-0.2011805772781372,0.48882152140140533,-0.772230863571167
0.21975815296173096,-0.7527487576007843,0.23342740535736084,-0.11954987049102783,-0.24916154146194458,-0.6078146696090698,-0.1751776933670044,0.5007102191448212,-0.8412535190582275
0.19972169399261475,-0.7361073940992355,0.3072437047958374,-0.10315465927124023,-0.2404651641845703,-0.5874944925308228,-0.13874602317810059,0.49276523292064667,-0.894749641418457
0.17872202396392822,-0.7181420922279358,0.3635646104812622,-0.08269214630126953,-0.24571669101715088,-0.5686603784561157,-0.09728384017944336,0.46954840421676636,-0.9322364330291748
0.1590043306350708,-0.7026623487472534,0.40330183506011963,-0.0609586238861084,-0.26418858766555786,-0.5540472269058228,-0.055832624435424805,0.435596764087677,-0.9573605060577393
0.1409701108932495,-0.6920160055160522,0.4287480115890503,-0.03988003730773926,-0.29490411281585693,-0.5450292825698853,-0.016719818115234375,0.39423489570617676,-0.9737887382507324
0.12386143207550049,-0.6869142800569534,0.4425088167190552,-0.020366191864013672,-0.33693212270736694,-0.5408599376678467,0.019902706146240234,0.34710516035556793,-0.9833801984786987
0.10713064670562744,-0.6863468438386917,0.4476355314254761,-0.0032727718353271484,-0.3888402581214905,-0.5386544466018677,0.053726911544799805,0.2946295887231827,-0.9863014221191406
0.09143364429473877,-0.6886927634477615,0.44656670093536377,0.00976705551147461,-0.44824472069740295,-0.5345165729522705,0.08246374130249023,0.23757104575634003,-0.9810947179794312
0.07854211330413818,-0.6936103105545044,0.43899834156036377,0.016483545303344727,-0.511543482542038,-0.5253521203994751,0.10207176208496094,0.17918983101844788,-0.9643619060516357
0.07040178775787354,-0.7027768492698669,0.420831561088562,0.01474905014038086,-0.5733533203601837,-0.5107344388961792,0.10847759246826172,0.12654653191566467,-0.9315774440765381
0.06825852394104004,-0.7183356285095215,0.3854888677597046,0.0032567977905273438,-0.6264348328113556,-0.4943462610244751,0.0991286039352417,0.08902379870414734,-0.8798465728759766
0.0726248025894165,-0.7397225946187973,0.3274024724960327,-0.01798105239868164,-0.6632168591022491,-0.48368847370147705,0.07352447509765625,0.0736287385225296,-0.8111023902893066
0.08389031887054443,-0.7614931762218475,0.2470463514328003,-0.04712057113647461,-0.6780472695827484,-0.4867614507675171,0.03311944007873535,0.08056890964508057,-0.7338192462921143
0.10251820087432861,-0.7757741957902908,0.15514647960662842,-0.08020901679992676,-0.6684152185916901,-0.5071545839309692,-0.018596887588500977,0.10448198020458221,-0.6623125076293945
0.12816202640533447,-0.7789474129676819,0.070914626121521,-0.11155569553375244,-0.63524129986763,-0.5412744283676147,-0.07558739185333252,0.14082911610603333,-0.6122004985809326
0.1584559679031372,-0.7749706506729126,0.012671470642089844,-0.13503098487854004,-0.5832207500934601,-0.5799739360809326,-0.12935662269592285,0.18887290358543396,-0.5926568508148193
0.18895494937896729,-0.7705919146537781,-0.011412620544433594,-0.14639925956726074,-0.5205186605453491,-0.6133571863174438,-0.17122387886047363,0.2471962571144104,-0.6019560098648071
0.21481144428253174,-0.7691417932510376,-0.004209399223327637,-0.14572668075561523,-0.45652228593826294,-0.635292649269104,-0.19640779495239258,0.3097425103187561,-0.6310946941375732
0.23299920558929443,-0.7697522044181824,0.02663266658782959,-0.1375943422317505,-0.39884310960769653,-0.6447757482528687,-0.20646321773529053,0.3680320978164673,-0.6714198589324951
0.24284470081329346,-0.7697900533676147,0.07458627223968506,-0.12825357913970947,-0.3522651791572571,-0.6442657709121704,-0.20696794986724854,0.4146478772163391,-0.7188634872436523
0.24444091320037842,-0.7668343335390091,0.13378846645355225,-0.12190842628479004,-0.3196057677268982,-0.6374191045761108,-0.20221900939941406,0.44435156881809235,-0.77121901512146
0.23745334148406982,-0.7606162130832672,0.19442856311798096,-0.11876583099365234,-0.3020690083503723,-0.6277414560317993,-0.19208884239196777,0.45567020773887634,-0.8221814632415771
0.22210824489593506,-0.7546039521694183,0.24274075031280518,-0.11568999290466309,-0.2988430857658386,-0.6178873777389526,-0.17366790771484375,0.45288386940956116,-0.8606395721435547
0.200492262840271,-0.7536336034536362,0.26857221126556396,-0.10880172252655029,-0.3081638813018799,-0.6093746423721313,-0.1451636552810669,0.44259272515773773,-0.8779582977294922
0.17568671703338623,-0.7587610930204391,0.27246224880218506,-0.09636986255645752,-0.33015209436416626,-0.6027005910873413,-0.10792624950408936,0.42573200166225433,-0.8751742839813232
0.14984023571014404,-0.7665975540876389,0.2638934850692749,-0.07970380783081055,-0.368010938167572,-0.59705650806427,-0.0654137134552002,0.3957096189260483,-0.8609614372253418
0.12414944171905518,-0.7735751569271088,0.2519320249557495,-0.061749935150146484,-0.4243621230125427,-0.5892986059188843,-0.021769046783447266,0.3463360369205475,-0.8412420749664307
0.10075151920318604,-0.7788352072238922,0.23736178874969482,-0.046025753021240234,-0.4948529303073883,-0.5746856927871704,0.017353057861328125,0.28110527992248535,-0.8120589256286621
0.08369600772857666,-0.7834281027317047,0.21377122402191162,-0.03656363487243652,-0.5662038624286652,-0.5520175695419312,0.04387068748474121,0.214347243309021,-0.7658002376556396
0.07745838165283203,-0.7875986397266388,0.17567932605743408,-0.0364530086517334,-0.6225235164165497,-0.5281815528869629,0.050218939781188965,0.16219812631607056,-0.7038723230361938
0.08446323871612549,-0.7892934828996658,0.1258174180984497,-0.04565715789794922,-0.6532956659793854,-0.5147901773452759,0.03400993347167969,0.1331208199262619,-0.6406190395355225
0.10385453701019287,-0.7863474637269974,0.07570421695709229,-0.06142926216125488,-0.6548527777194977,-0.5200691223144531,-0.0011534690856933594,0.12861768901348114,-0.5957847833633423
0.13210523128509521,-0.7795448899269104,0.03930032253265381,-0.08034729957580566,-0.6271900236606598,-0.5437866449356079,-0.048322200775146484,0.14947786927223206,-0.5830984115600586
0.16449034214019775,-0.7717700600624084,0.024875164031982422,-0.09871447086334229,-0.5730251371860504,-0.5771485567092896,-0.09907448291778564,0.19586792588233948,-0.6020351648330688
0.19658243656158447,-0.7646366357803345,0.030999064445495605,-0.11217987537384033,-0.5008693635463715,-0.6071344614028931,-0.1446319818496704,0.26089027523994446,-0.6381449699401855
0.2256239652633667,-0.757630467414856,0.048484206199645996,-0.11757159233093262,-0.42589277029037476,-0.6246263980865479,-0.17906522750854492,0.32886070013046265,-0.6731220483779907
0.2511037588119507,-0.7501999139785767,0.06673634052276611,-0.11543750762939453,-0.3626949191093445,-0.6299277544021606,-0.20241093635559082,0.3846279978752136,-0.6966755390167236
0.2733722925186157,-0.7432766109704971,0.08090007305145264,-0.1092383861541748,-0.31635332107543945,-0.6289750337600708,-0.21848034858703613,0.4240462929010391,-0.7098865509033203
0.2911571264266968,-0.738782599568367,0.09455525875091553,-0.10231256484985352,-0.2824241518974304,-0.6256617307662964,-0.2293393611907959,0.45348145067691803,-0.7202284336090088
0.30062949657440186,-0.7381785064935684,0.11546361446380615,-0.0959920883178711,-0.25476497411727905,-0.6194313764572144,-0.23249125480651855,0.4805365353822708,-0.7349064350128174
0.29731643199920654,-0.7410859018564224,0.14802420139312744,-0.0893101692199707,-0.2323545217514038,-0.6083693504333496,-0.22249627113342285,0.5058543831110001,-0.7564049959182739
0.2795518636703491,-0.7453093230724335,0.18911659717559814,-0.0801846981048584,-0.21999812126159668,-0.5931764841079712,-0.19560623168945312,0.5224342048168182,-0.7823045253753662
0.2503765821456909,-0.7486814558506012,0.23059141635894775,-0.06737256050109863,-0.22481203079223633,-0.5783573389053345,-0.15361881256103516,0.5209924280643463,-0.8089601993560791
0.21595561504364014,-0.7505657523870468,0.2651108503341675,-0.05090022087097168,-0.2529453635215759,-0.569220781326294,-0.10272550582885742,0.49474339187145233,-0.8343430757522583
0.1821519136428833,-0.7514892667531967,0.28964483737945557,-0.030912160873413086,-0.30752384662628174,-0.5664068460464478,-0.04893374443054199,0.4410884231328964,-0.8560631275177002
0.15241944789886475,-0.7520661801099777,0.30482399463653564,-0.008063316345214844,-0.3857395052909851,-0.5631324052810669,0.0036475658416748047,0.36344967782497406,-0.8679678440093994
0.12818515300750732,-0.7526754587888718,0.31210005283355713,0.014034509658813477,-0.47661271691322327,-0.5501092672348022,0.04997968673706055,0.27318574488162994,-0.8622207641601562
0.11044847965240479,-0.7539787739515305,0.3108752965927124,0.029038429260253906,-0.5645061433315277,-0.5244346857070923,0.08272027969360352,0.1865956336259842,-0.8353214263916016
0.10087883472442627,-0.757214829325676,0.29730260372161865,0.03267717361450195,-0.6367504298686981,-0.49223899841308594,0.09592866897583008,0.11758740246295929,-0.7895530462265015
0.10162818431854248,-0.7630917876958847,0.2660404443740845,0.02633047103881836,-0.6877572387456894,-0.463431715965271,0.08883261680603027,0.07245755195617676,-0.7294836044311523
0.11393678188323975,-0.7697373926639557,0.2145763635635376,0.015156984329223633,-0.7176275700330734,-0.4460197687149048,0.06535053253173828,0.04923282563686371,-0.6606075763702393
0.13650143146514893,-0.7725459486246109,0.14779269695281982,0.0035452842712402344,-0.7288809269666672,-0.4439997673034668,0.031174182891845703,0.04078802466392517,-0.5918039083480835
0.16529643535614014,-0.7679980546236038,0.07907140254974365,-0.007752418518066406,-0.7240283936262131,-0.4575216770172119,-0.008918523788452148,0.04109266400337219,-0.5366045236587524
0.19535315036773682,-0.7580001950263977,0.025200724601745605,-0.021076202392578125,-0.7045446932315826,-0.4837597608566284,-0.05229902267456055,0.05057850480079651,-0.5089719295501709
0.22268593311309814,-0.7486535310745239,-0.0019551515579223633,-0.03880429267883301,-0.6711253225803375,-0.5177696943283081,-0.09735989570617676,0.07465121150016785,-0.5158259868621826
0.24477827548980713,-0.7444040179252625,-0.00032889842987060547,-0.060280799865722656,-0.625286728143692,-0.5531240701675415,-0.1409287452697754,0.11624029278755188,-0.5528066158294678
0.2604304552078247,-0.7447484135627747,0.023070335388183594,-0.08142518997192383,-0.5716116726398468,-0.5833855867385864,-0.17772531509399414,0.1702597439289093,-0.6064673662185669
0.270133376121521,-0.7463943958282471,0.0564042329788208,-0.09759712219238281,-0.5176381170749664,-0.6049975156784058,-0.20360016822814941,0.22587928175926208,-0.6614131927490234
0.27609503269195557,-0.7469897419214249,0.0892707109451294,-0.10669231414794922,-0.4695565104484558,-0.6187448501586914,-0.2186570167541504,0.2745562344789505,-0.7080270051956177
0.28062713146209717,-0.7462262660264969,0.11828982830047607,-0.10941362380981445,-0.42820584774017334,-0.6272388696670532,-0.22591042518615723,0.315143421292305,-0.7455401420593262
0.28396594524383545,-0.7445865422487259,0.1472855806350708,-0.10761821269989014,-0.39104896783828735,-0.6312769651412964,-0.2274538278579712,0.35066057741642,-0.7785739898681641
0.2836860418319702,-0.7422978579998016,0.181069016456604,-0.10265934467315674,-0.3582128882408142,-0.6293729543685913,-0.22221505641937256,0.38120797276496887,-0.8104534149169922
0.27632296085357666,-0.7397200763225555,0.21867024898529053,-0.09431183338165283,-0.3354650139808655,-0.6206684112548828,-0.2065044641494751,0.4013780653476715,-0.8393501043319702
0.25993072986602783,-0.7383356988430023,0.2529817819595337,-0.0811610221862793,-0.33122915029525757,-0.6073623895645142,-0.17696142196655273,0.4042295515537262,-0.8603556156158447
0.2354670763015747,-0.7402363866567612,0.2765423059463501,-0.06224560737609863,-0.35199397802352905,-0.5932556390762329,-0.13358235359191895,0.38536541163921356,-0.8698093891143799
0.20604479312896729,-0.7463227957487106,0.28632938861846924,-0.0380861759185791,-0.4002848267555237,-0.5796685218811035,-0.08000063896179199,0.3431609719991684,-0.8660093545913696
0.1752859354019165,-0.7558564394712448,0.2832692861557007,-0.011035919189453125,-0.4733804166316986,-0.5625840425491333,-0.022191524505615234,0.27959902584552765,-0.8458647727966309
0.1464911699295044,-0.7673560827970505,0.2695349454879761,0.013836145401000977,-0.560730904340744,-0.5350924730300903,0.03147530555725098,0.2037481814622879,-0.8046388626098633
0.12275969982147217,-0.7790327370166779,0.2478424310684204,0.029392242431640625,-0.6449041068553925,-0.4957929849624634,0.07076287269592285,0.13125163316726685,-0.7436468601226807
0.10707128047943115,-0.7889746129512787,0.22177231311798096,0.03078460693359375,-0.7100846022367477,-0.45393621921539307,0.08784365653991699,0.07601301372051239,-0.6757199764251709
0.10192310810089111,-0.7958641350269318,0.19393932819366455,0.018777847290039062,-0.7500855773687363,-0.4231525659561157,0.08098506927490234,0.04290156066417694,-0.6171033382415771
0.10880529880523682,-0.7994360476732254,0.16282880306243896,-0.002037525177001953,-0.7672105878591537,-0.41188323497772217,0.053287506103515625,0.0293484628200531,-0.574723482131958
0.12759077548980713,-0.7997507005929947,0.12276780605316162,-0.026513099670410156,-0.7660680860280991,-0.42122745513916016,0.01002645492553711,0.030805617570877075,-0.5440067052841187
0.1558135747909546,-0.7958905100822449,0.06952440738677979,-0.05063319206237793,-0.7494959086179733,-0.448519229888916,-0.042316436767578125,0.04351760447025299,-0.5180550813674927
0.18863332271575928,-0.7865038514137268,0.008070945739746094,-0.07222199440002441,-0.717883974313736,-0.4898871183395386,-0.0967249870300293,0.06574288010597229,-0.49796950817108154
0.220434308052063,-0.7734483927488327,-0.04572176933288574,-0.09075236320495605,-0.6706294119358063,-0.5397089719772339,-0.14705634117126465,0.09994198381900787,-0.493998646736145
0.24717414379119873,-0.7630961984395981,-0.07373487949371338,-0.10592734813690186,-0.6084665358066559,-0.5899184942245483,-0.1889711618423462,0.15175266563892365,-0.5161950588226318
0.2673112154006958,-0.7603525966405869,-0.06712830066680908,-0.11659872531890869,-0.5349265336990356,-0.6316901445388794,-0.2197796106338501,0.22254906594753265,-0.5645732879638672
0.2806445360183716,-0.7632924169301987,-0.030623316764831543,-0.12169325351715088,-0.45635318756103516,-0.6581742763519287,-0.23820745944976807,0.30406223237514496,-0.627562403678894
0.28634917736053467,-0.7667552828788757,0.022094130516052246,-0.12185454368591309,-0.38200098276138306,-0.6665291786193848,-0.24407339096069336,0.3818773031234741,-0.6886347532272339
0.28204238414764404,-0.7685785442590714,0.07718908786773682,-0.1192394495010376,-0.3239825367927551,-0.6596304178237915,-0.23715150356292725,0.44171901047229767,-0.7368309497833252
0.2649174928665161,-0.7701230198144913,0.126031756401062,-0.11560416221618652,-0.2943870425224304,-0.6457964181900024,-0.21639132499694824,0.4728589802980423,-0.7718396186828613
0.23408424854278564,-0.7732554227113724,0.16381371021270752,-0.1106562614440918,-0.30067771673202515,-0.6334189176559448,-0.18061017990112305,0.4697007089853287,-0.7972440719604492
0.19232189655303955,-0.7785316407680511,0.18659889698028564,-0.10175061225891113,-0.3432942032814026,-0.6239705085754395,-0.1299421787261963,0.43236044049263,-0.810580849647522
0.14625751972198486,-0.78493532538414,0.19181358814239502,-0.08588540554046631,-0.4154406189918518,-0.6108983755111694,-0.06801259517669678,0.36661770939826965,-0.8027234077453613
0.10470139980316162,-0.7903840243816376,0.18027770519256592,-0.06376934051513672,-0.5041504204273224,-0.5854684114456177,-0.004340410232543945,0.28335660696029663,-0.7657575607299805
0.07539188861846924,-0.7928944379091263,0.15575969219207764,-0.04160785675048828,-0.5938164293766022,-0.5439897775650024,0.047130584716796875,0.19620101153850555,-0.699760913848877
0.06191754341125488,-0.7913676649332047,0.12260830402374268,-0.027036666870117188,-0.6712305247783661,-0.4910391569137573,0.07517611980438232,0.11726014316082001,-0.6136589050292969
0.06325340270996094,-0.7854887396097183,0.08481848239898682,-0.023175954818725586,-0.7291484922170639,-0.43709444999694824,0.07770097255706787,0.053463250398635864,-0.5219243764877319
0.07604372501373291,-0.7757358551025391,0.046376585960388184,-0.02732539176940918,-0.7666203826665878,-0.39316391944885254,0.060761213302612305,0.006238475441932678,-0.4395519495010376
0.09704768657684326,-0.7635414600372314,0.010656476020812988,-0.03449249267578125,-0.7864446640014648,-0.36681997776031494,0.03259015083312988,-0.025780200958251953,-0.3774878978729248
0.12385022640228271,-0.7508326023817062,-0.020570993423461914,-0.04116964340209961,-0.7918327450752258,-0.36152613162994385,-0.0008895397186279297,-0.04387713968753815,-0.3409665822982788
0.15458524227142334,-0.7392289489507675,-0.04683268070220947,-0.04643535614013672,-0.7842608690261841,-0.37771856784820557,-0.036890268325805664,-0.04790891706943512,-0.33089733123779297
0.18800151348114014,-0.7295209616422653,-0.0680546760559082,-0.05055499076843262,-0.7629399746656418,-0.4135860204696655,-0.07442617416381836,-0.03629601001739502,-0.3455427885055542
0.22372376918792725,-0.7214673012495041,-0.0841362476348877,-0.05288958549499512,-0.7256125062704086,-0.4646420478820801,-0.11248302459716797,-0.007022202014923096,-0.38051724433898926
0.2616637945175171,-0.7140385955572128,-0.09440672397613525,-0.0514068603515625,-0.6707068383693695,-0.5226293802261353,-0.1489403247833252,0.04045476019382477,-0.4282341003417969
0.30039775371551514,-0.7063846439123154,-0.0968557596206665,-0.044763803482055664,-0.600423127412796,-0.5760396718978882,-0.1810312271118164,0.1030845195055008,-0.47919535636901855
0.3359733819961548,-0.6991203874349594,-0.08828163146972656,-0.035035133361816406,-0.5223256349563599,-0.6143635511398315,-0.2068781852722168,0.173917755484581,-0.5260933637619019
0.3628882169723511,-0.6946870535612106,-0.06533873081207275,-0.02760767936706543,-0.44670385122299194,-0.6336673498153687,-0.2263655662536621,0.24510620534420013,-0.5683400630950928
0.37661731243133545,-0.695812925696373,-0.025226831436157227,-0.027634382247924805,-0.3812984228134155,-0.6375983953475952,-0.24012136459350586,0.3116375058889389,-0.6123830080032349
0.3749486207962036,-0.7028340697288513,0.03331863880157471,-0.03653407096862793,-0.32852333784103394,-0.6326245069503784,-0.24735236167907715,0.37143373489379883,-0.66595458984375
0.35740840435028076,-0.7124073654413223,0.10722911357879639,-0.05116605758666992,-0.28707677125930786,-0.6229879856109619,-0.2444441318511963,0.4224535971879959,-0.7302285432815552
0.3253387212753296,-0.7196600139141083,0.1868973970413208,-0.06517815589904785,-0.25530779361724854,-0.6097927093505859,-0.22638654708862305,0.4614752233028412,-0.7967015504837036
0.28345930576324463,-0.7220466583967209,0.25934112071990967,-0.07185888290405273,-0.23368102312088013,-0.5934295654296875,-0.19118785858154297,0.4854886382818222,-0.852782130241394
0.23937809467315674,-0.720538780093193,0.3154371976852417,-0.06768250465393066,-0.2255602478981018,-0.5761374235153198,-0.142930269241333,0.4921015352010727,-0.8915860652923584
0.1995302438735962,-0.7178596258163452,0.35304582118988037,-0.05369305610656738,-0.23626810312271118,-0.562301754951477,-0.08909296989440918,0.4787145256996155,-0.9153590202331543
0.16583478450775146,-0.7173947095870972,0.3727530241012573,-0.03311872482299805,-0.2707614302635193,-0.5554572343826294,-0.03482317924499512,0.4437562823295593,-0.9282217025756836
0.1368027925491333,-0.7232338190078735,0.3721884489059448,-0.008865833282470703,-0.3305128216743469,-0.5538082122802734,0.01846170425415039,0.38984400033950806,-0.9260081052780151
0.11150014400482178,-0.7383409589529037,0.3455547094345093,0.015348196029663086,-0.41068464517593384,-0.5498685836791992,0.0679783821105957,0.32477931678295135,-0.8954347372055054
0.0921701192855835,-0.7603276818990707,0.2892860174179077,0.03325080871582031,-0.5003877580165863,-0.5362687110900879,0.10521101951599121,0.2570629268884659,-0.8255661725997925
0.08313548564910889,-0.7802455127239227,0.20907747745513916,0.03831171989440918,-0.5867827832698822,-0.5114492177963257,0.11930656433105469,0.19058573246002197,-0.7205381393432617
0.08739030361175537,-0.7887815982103348,0.12044656276702881,0.028162240982055664,-0.6594133079051971,-0.4800621271133423,0.10490226745605469,0.12649129331111908,-0.600520133972168
0.10433661937713623,-0.7834227681159973,0.0399855375289917,0.006215095520019531,-0.7123449295759201,-0.44997453689575195,0.0660088062286377,0.06820084154605865,-0.4899715185165405
0.13034570217132568,-0.7682073563337326,-0.023995637893676758,-0.020580053329467773,-0.744330570101738,-0.4291069507598877,0.013204574584960938,0.020999789237976074,-0.4051227569580078
0.160894513130188,-0.74888114631176,-0.07236814498901367,-0.045479536056518555,-0.7572768777608871,-0.4232630729675293,-0.04224371910095215,-0.011272728443145752,-0.3509063720703125
0.19238197803497314,-0.7297084629535675,-0.11020982265472412,-0.06448602676391602,-0.7537612169981003,-0.43512117862701416,-0.09273767471313477,-0.02692975103855133,-0.3249228000640869
0.2228769063949585,-0.7126281559467316,-0.14274108409881592,-0.07657432556152344,-0.7351437658071518,-0.4641300439834595,-0.13532090187072754,-0.025392606854438782,-0.32140040397644043
0.2518850564956665,-0.6975167095661163,-0.17345964908599854,-0.08243870735168457,-0.7012421786785126,-0.5067969560623169,-0.17019343376159668,-0.006602466106414795,-0.33334875106811523
0.2794736623764038,-0.6836059242486954,-0.20237791538238525,-0.08321976661682129,-0.6515580713748932,-0.5568784475326538,-0.1985630989074707,0.02917085587978363,-0.35451197624206543
0.30521929264068604,-0.6718399226665497,-0.22455203533172607,-0.08011102676391602,-0.5875670611858368,-0.605819821357727,-0.22119998931884766,0.08139586448669434,-0.38127923011779785
0.3275183439254761,-0.6662059128284454,-0.23123955726623535,-0.07504820823669434,-0.5145936608314514,-0.6448289155960083,-0.23843622207641602,0.14873525500297546,-0.4136008024215698
0.34376204013824463,-0.6716237366199493,-0.2138671875,-0.07146430015563965,-0.4408895969390869,-0.6685420274734497,-0.2510960102081299,0.22785714268684387,-0.4546862840652466
0.3514465093612671,-0.6890616714954376,-0.16824638843536377,-0.0732429027557373,-0.373678982257843,-0.677104115486145,-0.26055908203125,0.31250569224357605,-0.5088691711425781
0.34951961040496826,-0.7127500623464584,-0.09745347499847412,-0.08190441131591797,-0.316012442111969,-0.6742515563964844,-0.26729369163513184,0.3938606232404709,-0.5768095254898071
0.33894240856170654,-0.7335792183876038,-0.012315034866333008,-0.09495162963867188,-0.2679571509361267,-0.6638835668563843,-0.269763708114624,0.4627450704574585,-0.6515799760818481
0.3219960927963257,-0.7457311749458313,0.07292711734771729,-0.10759460926055908,-0.2300768494606018,-0.6488586664199829,-0.26546037197113037,0.5127773284912109,-0.7217972278594971
0.3008619546890259,-0.7491809278726578,0.14799416065216064,-0.11609113216400146,-0.20400702953338623,-0.6315525770187378,-0.25282275676727295,0.542296901345253,-0.7795581817626953
0.27691328525543213,-0.7468521296977997,0.20971786975860596,-0.11882901191711426,-0.18958908319473267,-0.6136366128921509,-0.231611967086792,0.5543860495090485,-0.8233659267425537
0.25149381160736084,-0.7416911572217941,0.2587534189224243,-0.11491215229034424,-0.1838344931602478,-0.5955718755722046,-0.20227563381195068,0.5549796670675278,-0.8543367385864258
0.22677886486053467,-0.7361310571432114,0.2955859899520874,-0.10370123386383057,-0.18449002504348755,-0.5777922868728638,-0.16634976863861084,0.5487640351057053,-0.873389720916748
0.20507419109344482,-0.7321197241544724,0.3203228712081909,-0.08601021766662598,-0.19389784336090088,-0.5625261068344116,-0.1269540786743164,0.5353448837995529,-0.8828604221343994
0.1870204210281372,-0.7306119054555893,0.3344508409500122,-0.06392550468444824,-0.2179129719734192,-0.5532395839691162,-0.08681559562683105,0.5098219364881516,-0.8877018690109253
0.17065346240997314,-0.731597825884819,0.34071552753448486,-0.03905510902404785,-0.2611062526702881,-0.5510557889938354,-0.0455782413482666,0.4676145762205124,-0.8917827606201172
0.1525658369064331,-0.7351557463407516,0.34045493602752686,-0.01281595230102539,-0.323159396648407,-0.5523639917373657,-0.0012514591217041016,0.4091193526983261,-0.8928303718566895
0.13055241107940674,-0.7421721667051315,0.3311673402786255,0.011116266250610352,-0.3989923596382141,-0.551141619682312,0.04469418525695801,0.34030281007289886,-0.8823204040527344
0.10582125186920166,-0.7533928006887436,0.30740582942962646,0.02617478370666504,-0.48121377825737,-0.5428694486618042,0.08448386192321777,0.26930202543735504,-0.8502867221832275
0.0831838846206665,-0.7673613280057907,0.2650829553604126,0.025690555572509766,-0.5613777339458466,-0.526497483253479,0.10663700103759766,0.2031065970659256,-0.7915918827056885
0.06912529468536377,-0.7797921597957611,0.20556390285491943,0.0070836544036865234,-0.6299661695957184,-0.5052012205123901,0.10208868980407715,0.14694899320602417,-0.7107765674591064
0.06886923313140869,-0.785900428891182,0.1355503797531128,-0.02555251121520996,-0.678178995847702,-0.4863168001174927,0.06970858573913574,0.10484443604946136,-0.6218786239624023
0.0839308500289917,-0.783309280872345,0.06324803829193115,-0.06308865547180176,-0.7010872066020966,-0.47905588150024414,0.017110824584960938,0.07934507727622986,-0.5423153638839722
0.11151373386383057,-0.7728877663612366,-0.004333853721618652,-0.09637510776519775,-0.6981140673160553,-0.49032413959503174,-0.043758511543273926,0.07189670205116272,-0.48600172996520996
0.14624464511871338,-0.758195087313652,-0.06085991859436035,-0.11983764171600342,-0.6703607738018036,-0.5209928750991821,-0.1019519567489624,0.0849573165178299,-0.46014440059661865
0.18282043933868408,-0.7442576736211777,-0.10019028186798096,-0.1312580108642578,-0.6191486418247223,-0.5644010305404663,-0.1499481201171875,0.12223203480243683,-0.4642221927642822
0.21736156940460205,-0.7351550161838531,-0.11812770366668701,-0.13056743144989014,-0.5482771098613739,-0.6079514026641846,-0.1837986707687378,0.1840009093284607,-0.48983514308929443
0.24720966815948486,-0.7318975031375885,-0.11422455310821533,-0.12036406993865967,-0.4669215679168701,-0.6386111974716187,-0.20344340801239014,0.26209893822669983,-0.5243980884552002
0.2705498933792114,-0.733022078871727,-0.09101831912994385,-0.10639691352844238,-0.3879525065422058,-0.6501818895339966,-0.21281647682189941,0.3421925753355026,-0.5591750144958496
0.2862781286239624,-0.736921414732933,-0.050562500953674316,-0.09518110752105713,-0.3217148184776306,-0.6457387208938599,-0.21732890605926514,0.4123295992612839,-0.5951876640319824
0.29359543323516846,-0.7422388195991516,0.008288979530334473,-0.09031867980957031,-0.27180397510528564,-0.6325013637542725,-0.21978378295898438,0.4675578474998474,-0.6408017873764038
0.2916833162307739,-0.7455138713121414,0.08707916736602783,-0.09094846248626709,-0.2363867163658142,-0.6154807806015015,-0.21850144863128662,0.5062501579523087,-0.7025713920593262
0.2803899049758911,-0.7408970296382904,0.1804438829421997,-0.09284257888793945,-0.2118104100227356,-0.5959857702255249,-0.20910215377807617,0.5262096226215363,-0.7764410972595215
0.2614966630935669,-0.7256007045507431,0.27366602420806885,-0.09115171432495117,-0.1953311562538147,-0.5740851163864136,-0.18851804733276367,0.5273925513029099,-0.8477625846862793
0.23870360851287842,-0.7041849493980408,0.3510507345199585,-0.08342528343200684,-0.1869981288909912,-0.5514137744903564,-0.15799856185913086,0.514309823513031,-0.9024759531021118
0.21597135066986084,-0.6842169165611267,0.4057961702346802,-0.070526123046875,-0.19045013189315796,-0.5321747064590454,-0.12236714363098145,0.4908897876739502,-0.9379823207855225
0.19578301906585693,-0.6699846982955933,0.44032299518585205,-0.05443525314331055,-0.2112557291984558,-0.5211857557296753,-0.08608794212341309,0.4558519721031189,-0.9615201950073242
0.17831742763519287,-0.6620919704437256,0.46012961864471436,-0.03566479682922363,-0.2532584071159363,-0.5196183919906616,-0.04985189437866211,0.40595656633377075,-0.9797594547271729
0.16172850131988525,-0.6602954268455505,0.4689401388168335,-0.013728618621826172,-0.31518810987472534,-0.5229302644729614,-0.011326789855957031,0.34223031997680664,-0.9918818473815918
0.14353454113006592,-0.6652828454971313,0.4669288396835327,0.009830236434936523,-0.39017897844314575,-0.5242247581481934,0.030426025390625,0.27222687005996704,-0.991165041923523
0.12244117259979248,-0.6786428093910217,0.4506009817123413,0.029855728149414062,-0.4691867530345917,-0.5191713571548462,0.07154488563537598,0.2065790593624115,-0.9697837829589844
0.09950053691864014,-0.7010419964790344,0.41441500186920166,0.03963160514831543,-0.544566422700882,-0.5075000524520874,0.10426139831542969,0.1535985767841339,-0.9219264984130859
0.07810914516448975,-0.7294301390647888,0.35459864139556885,0.03430485725402832,-0.6101615130901337,-0.4920910596847534,0.12032604217529297,0.1163916289806366,-0.8467011451721191
0.06316447257995605,-0.7564196437597275,0.27346479892730713,0.013034343719482422,-0.659930557012558,-0.4784282445907593,0.11400020122528076,0.09361208975315094,-0.7519044876098633
0.05974721908569336,-0.774055153131485,0.18089473247528076,-0.02046942710876465,-0.6883915364742279,-0.47376298904418945,0.08391368389129639,0.08278661966323853,-0.6546691656112671
0.07134354114532471,-0.7789292484521866,0.09111464023590088,-0.059005022048950195,-0.6922197639942169,-0.48440325260162354,0.03378176689147949,0.08383248746395111,-0.5755293369293213
0.09798133373260498,-0.7735888361930847,0.017006397247314453,-0.09431862831115723,-0.670581728219986,-0.5121896266937256,-0.028169631958007812,0.1001301109790802,-0.5292074680328369
0.13550341129302979,-0.7636487931013107,-0.03368222713470459,-0.11950743198394775,-0.6246167719364166,-0.5523686408996582,-0.09088051319122314,0.13615502417087555,-0.5186978578567505
0.17692077159881592,-0.7540447562932968,-0.058946847915649414,-0.13058626651763916,-0.5585007965564728,-0.5941630601882935,-0.14337670803070068,0.19266696274280548,-0.5352276563644409
0.21529066562652588,-0.7469060271978378,-0.06204628944396973,-0.12779641151428223,-0.48175662755966187,-0.6253105401992798,-0.1789567470550537,0.2622724026441574,-0.5632756948471069
0.24632155895233154,-0.741767093539238,-0.05053675174713135,-0.11611747741699219,-0.40821075439453125,-0.6395848989486694,-0.19830870628356934,0.33067934215068817,-0.589059591293335
0.26894819736480713,-0.7378367036581039,-0.03264427185058594,-0.10311603546142578,-0.3495149612426758,-0.6404296159744263,-0.20793390274047852,0.3854447454214096,-0.6077967882156372
0.28381240367889404,-0.7359083294868469,-0.01163184642791748,-0.09512770175933838,-0.3095366954803467,-0.6359254121780396,-0.21480977535247803,0.4234946370124817,-0.624305009841919
0.29145991802215576,-0.7375427484512329,0.016045212745666504,-0.09499633312225342,-0.28540927171707153,-0.6314232349395752,-0.22232592105865479,0.4492564797401428,-0.6474798917770386
0.2916966676712036,-0.7425360083580017,0.055729031562805176,-0.10170638561248779,-0.272111177444458,-0.6274858713150024,-0.229272723197937,0.46754783391952515,-0.6832263469696045
0.28418076038360596,-0.7479493767023087,0.10766518115997314,-0.11079776287078857,-0.2651023268699646,-0.6222096681594849,-0.23084819316864014,0.4799700528383255,-0.7298862934112549
0.26945722103118896,-0.7504410296678543,0.165152907371521,-0.11591494083404541,-0.2607671618461609,-0.6137868165969849,-0.22124183177947998,0.48679687082767487,-0.7789511680603027
0.24932992458343506,-0.7491524517536163,0.21885621547698975,-0.11183607578277588,-0.257995069026947,-0.6017826795578003,-0.19703567028045654,0.48828038573265076,-0.8206503391265869
0.22623217105865479,-0.7456357330083847,0.2623351812362671,-0.09746813774108887,-0.2609533667564392,-0.587769627571106,-0.15956997871398926,0.48180536925792694,-0.8501162528991699
0.20223510265350342,-0.7418134659528732,0.2938610315322876,-0.07578682899475098,-0.2785472869873047,-0.5752867460250854,-0.1138916015625,0.46038918197155,-0.8691592216491699
0.17849886417388916,-0.7390754073858261,0.3138772249221802,-0.050299882888793945,-0.3188750147819519,-0.5668730735778809,-0.06466841697692871,0.41732339560985565,-0.8807617425918579
0.1555706262588501,-0.7391100376844406,0.32084929943084717,-0.02295064926147461,-0.38292378187179565,-0.5597487688064575,-0.014390945434570312,0.3533092588186264,-0.8806095123291016
0.13420283794403076,-0.7441457360982895,0.3098043203353882,0.003697633743286133,-0.462831050157547,-0.5471986532211304,0.033625125885009766,0.27843768894672394,-0.8570144176483154
0.11593043804168701,-0.7545784562826157,0.27607762813568115,0.024703025817871094,-0.5467470586299896,-0.5246554613113403,0.07290291786193848,0.20495440065860748,-0.8007445335388184
0.10300576686859131,-0.7664342820644379,0.22146999835968018,0.03513789176940918,-0.6249979436397552,-0.49212372303009033,0.09626245498657227,0.13855934143066406,-0.7136051654815674
0.09780681133270264,-0.7735888510942459,0.1560419797897339,0.033496856689453125,-0.6912737935781479,-0.4530041217803955,0.09982037544250488,0.07943806052207947,-0.6090575456619263
0.10197770595550537,-0.772971048951149,0.09192931652069092,0.02242279052734375,-0.741285428404808,-0.4139019250869751,0.08457541465759277,0.028808623552322388,-0.5058426856994629
0.11567151546478271,-0.7657478451728821,0.03520381450653076,0.006678581237792969,-0.7730546444654465,-0.3839750289916992,0.05513739585876465,-0.010183796286582947,-0.41919028759002686
0.13734662532806396,-0.7543137073516846,-0.0151597261428833,-0.00972127914428711,-0.7872703075408936,-0.3716024160385132,0.01706242561340332,-0.03583359718322754,-0.35645413398742676
0.16424739360809326,-0.7402869313955307,-0.061910271644592285,-0.025107383728027344,-0.7854889631271362,-0.3812612295150757,-0.02522444725036621,-0.048079028725624084,-0.3193624019622803
0.19321978092193604,-0.7249480336904526,-0.10547804832458496,-0.03979063034057617,-0.7675706595182419,-0.4134676456451416,-0.06888008117675781,-0.04549962282180786,-0.3080010414123535
0.22135937213897705,-0.7101148664951324,-0.14410889148712158,-0.05466938018798828,-0.7305207699537277,-0.4655834436416626,-0.11189842224121094,-0.02328290045261383,-0.3214859962463379
0.24621045589447021,-0.6984046399593353,-0.17462551593780518,-0.0699613094329834,-0.6701342761516571,-0.5302400588989258,-0.15204143524169922,0.025393366813659668,-0.3556259870529175
0.26571547985076904,-0.6932142674922943,-0.19196391105651855,-0.0846412181854248,-0.5862109363079071,-0.5935896635055542,-0.18622636795043945,0.10412633419036865,-0.4016371965408325
0.2784684896469116,-0.6977202594280243,-0.18990015983581543,-0.09693896770477295,-0.48818516731262207,-0.639726996421814,-0.21127712726593018,0.20665809512138367,-0.4498382806777954
0.28434503078460693,-0.712226539850235,-0.16425573825836182,-0.10579514503479004,-0.3935208320617676,-0.6607047319412231,-0.22600984573364258,0.31582871079444885,-0.4964604377746582
0.2845410108566284,-0.7324636280536652,-0.11634087562561035,-0.11177337169647217,-0.3178223967552185,-0.6610234975814819,-0.2321840524673462,0.4117642343044281,-0.5446940660476685
0.28030455112457275,-0.7518606036901474,-0.0539931058883667,-0.11595487594604492,-0.26713305711746216,-0.6511650085449219,-0.23212909698486328,0.4818505495786667,-0.597183346748352
0.27155983448028564,-0.7660139203071594,0.010751843452453613,-0.1179056167602539,-0.23893994092941284,-0.6388616561889648,-0.22533512115478516,0.524196982383728,-0.6496249437332153
0.25735223293304443,-0.7748125195503235,0.06646931171417236,-0.11515796184539795,-0.22753995656967163,-0.6265629529953003,-0.208379864692688,0.5443955659866333,-0.6930437088012695
0.23774373531341553,-0.7805956155061722,0.10705173015594482,-0.10512137413024902,-0.22877973318099976,-0.6142655611038208,-0.17873477935791016,0.5489388853311539,-0.7213287353515625
0.2146700620651245,-0.7851823717355728,0.13303697109222412,-0.08751976490020752,-0.2425510287284851,-0.6028090715408325,-0.13805949687957764,0.5397543460130692,-0.7358574867248535
0.19061338901519775,-0.7890846282243729,0.1484290361404419,-0.06433391571044922,-0.27185583114624023,-0.5942031145095825,-0.09081697463989258,0.5143518000841141,-0.7426435947418213
0.16687071323394775,-0.7925405651330948,0.15588533878326416,-0.037827491760253906,-0.3186810612678528,-0.5888395309448242,-0.040567874908447266,0.47098250687122345,-0.7447363138198853
0.14349091053009033,-0.7961380034685135,0.15453755855560303,-0.01050567626953125,-0.3802582621574402,-0.5837067365646362,0.010133743286132812,0.41300274431705475,-0.7382557392120361
0.12069761753082275,-0.800270214676857,0.14146625995635986,0.012999296188354492,-0.449814110994339,-0.5748940706253052,0.05643200874328613,0.34757910668849945,-0.7163717746734619
0.1001049280166626,-0.8042277842760086,0.11455404758453369,0.026174068450927734,-0.5206564366817474,-0.5605703592300415,0.09019947052001953,0.2806943506002426,-0.6751358509063721
0.0847402811050415,-0.8059998229146004,0.0746997594833374,0.023657560348510742,-0.5877188146114349,-0.5409389734268188,0.10304760932922363,0.21540401130914688,-0.6156501770019531
0.07815313339233398,-0.8032504320144653,0.02612018585205078,0.004275798797607422,-0.6455695927143097,-0.5179401636123657,0.09025299549102783,0.15480384230613708,-0.5440717935562134
0.08330094814300537,-0.7946653217077255,-0.02615213394165039,-0.027421236038208008,-0.6877672374248505,-0.49657142162323,0.053408145904541016,0.1040210872888565,-0.47043073177337646
0.10164415836334229,-0.7800860852003098,-0.07989013195037842,-0.062200307846069336,-0.7092472016811371,-0.4852179288864136,0.00028586387634277344,0.06796188652515411,-0.40533924102783203
0.13255274295806885,-0.7594872415065765,-0.1357783079147339,-0.09026229381561279,-0.7079265415668488,-0.4925600290298462,-0.058684706687927246,0.04868370294570923,-0.3567931652069092
0.17307507991790771,-0.733179360628128,-0.1922699213027954,-0.10569930076599121,-0.6833043396472931,-0.5222185850143433,-0.11464405059814453,0.046998023986816406,-0.3299601078033447
0.21821630001068115,-0.7046173959970474,-0.24075746536254883,-0.1080557107925415,-0.6354511082172394,-0.5687824487686157,-0.16214168071746826,0.06628929078578949,-0.32803642749786377
0.2617682218551636,-0.6823383718729019,-0.26803696155548096,-0.10119187831878662,-0.5673632621765137,-0.6188243627548218,-0.1988297700881958,0.11209811270236969,-0.3507988452911377
0.2976278066635132,-0.6755948662757874,-0.26426684856414795,-0.09138107299804688,-0.48737359046936035,-0.6576710939407349,-0.22487854957580566,0.18534427881240845,-0.3934156894683838
0.3214324712753296,-0.6864606291055679,-0.22835075855255127,-0.08507442474365234,-0.4068135619163513,-0.6772400140762329,-0.24237656593322754,0.27677007019519806,-0.4489006996154785
0.33177077770233154,-0.7080480754375458,-0.16812193393707275,-0.08601140975952148,-0.33491140604019165,-0.6784384250640869,-0.25365185737609863,0.37025967240333557,-0.510327935218811
0.32995927333831787,-0.7308047264814377,-0.09734654426574707,-0.0932999849319458,-0.2768285274505615,-0.6676527261734009,-0.2591289281845093,0.4510992020368576,-0.5703176259994507
0.3185931444168091,-0.7491389960050583,-0.030539989471435547,-0.10259878635406494,-0.23534637689590454,-0.6521949768066406,-0.25706160068511963,0.5109156221151352,-0.621666431427002
0.3002384901046753,-0.7625361680984497,0.02226424217224121,-0.10925793647766113,-0.21202057600021362,-0.6375738382339478,-0.24536609649658203,0.5476385951042175,-0.6598495244979858
0.277077317237854,-0.772793173789978,0.057569146156311035,-0.11038315296173096,-0.20642602443695068,-0.626352071762085,-0.22333014011383057,0.5634901523590088,-0.6839326620101929
0.25102150440216064,-0.7815337926149368,0.07671511173248291,-0.10500240325927734,-0.2161300778388977,-0.6185656785964966,-0.1918935775756836,0.5625267177820206,-0.6952922344207764
0.2235344648361206,-0.7894957810640335,0.08308327198028564,-0.09356880187988281,-0.23896485567092896,-0.6134263277053833,-0.15297293663024902,0.547653928399086,-0.6965210437774658
0.1952739953994751,-0.7966740876436234,0.08099496364593506,-0.0774528980255127,-0.2754693031311035,-0.6103583574295044,-0.1085965633392334,0.5183277875185013,-0.6913647651672363
0.16632330417633057,-0.802593544125557,0.07560455799102783,-0.05851387977600098,-0.32836461067199707,-0.607897162437439,-0.06070685386657715,0.4713519364595413,-0.6835131645202637
0.1370769739151001,-0.8067283108830452,0.07071578502655029,-0.039304256439208984,-0.3986136317253113,-0.601951003074646,-0.012250900268554688,0.40523768216371536,-0.6726782321929932
0.10881149768829346,-0.8089288547635078,0.06476771831512451,-0.023966073989868164,-0.48089298605918884,-0.5870096683502197,0.03135275840759277,0.32515887171030045,-0.6517888307571411
0.08338010311126709,-0.809441089630127,0.05030405521392822,-0.017862796783447266,-0.5629038512706757,-0.5612468719482422,0.06288743019104004,0.24366024136543274,-0.6115623712539673
0.06281447410583496,-0.8080437183380127,0.020081162452697754,-0.0242617130279541,-0.6305977404117584,-0.5303831100463867,0.07705414295196533,0.17456898093223572,-0.5504757165908813
0.04975152015686035,-0.80330990254879,-0.025636672973632812,-0.04099869728088379,-0.6750160157680511,-0.5050959587097168,0.07338011264801025,0.12541688978672028,-0.47947072982788086
0.048165082931518555,-0.7939248532056808,-0.07878756523132324,-0.06154942512512207,-0.6942537128925323,-0.49484920501708984,0.05441582202911377,0.09679414331912994,-0.4160730838775635
0.06285965442657471,-0.7801625430583954,-0.13015413284301758,-0.0792074203491211,-0.6901610791683197,-0.5041753053665161,0.022063255310058594,0.08712446689605713,-0.3740326166152954
0.0969310998916626,-0.7628565728664398,-0.1744399070739746,-0.08971691131591797,-0.6647378504276276,-0.5320740938186646,-0.022517681121826172,0.0952417254447937,-0.3576456308364868
0.14842379093170166,-0.742513969540596,-0.20864498615264893,-0.09131050109863281,-0.6197770535945892,-0.572283148765564,-0.07560396194458008,0.11985991895198822,-0.3636496067047119
0.2091439962387085,-0.7214070707559586,-0.22800135612487793,-0.08448290824890137,-0.5594300031661987,-0.6144479513168335,-0.12949657440185547,0.15910007059574127,-0.38645803928375244
0.2676020860671997,-0.7054724842309952,-0.22558867931365967,-0.07265233993530273,-0.492620050907135,-0.6478939056396484,-0.17612409591674805,0.2099754363298416,-0.42231667041778564
0.31410229206085205,-0.7011094391345978,-0.19571232795715332,-0.061994075775146484,-0.43121886253356934,-0.6670757532119751,-0.21196603775024414,0.2670135796070099,-0.47137486934661865
0.34374821186065674,-0.7089468538761139,-0.13754808902740479,-0.058870792388916016,-0.3835334777832031,-0.6735914945602417,-0.23848867416381836,0.3225363790988922,-0.5360548496246338
0.35584890842437744,-0.7224324196577072,-0.0576934814453125,-0.06635737419128418,-0.349479615688324,-0.6723693609237671,-0.2580759525299072,0.3700758069753647,-0.6146873235702515
0.3518465757369995,-0.7338625192642212,0.029645800590515137,-0.08224630355834961,-0.3233094811439514,-0.667033314704895,-0.2699625492095947,0.4076760411262512,-0.696690559387207
0.3343313932418823,-0.7409278303384781,0.10720407962799072,-0.0998544692993164,-0.30095523595809937,-0.6589643955230713,-0.27005553245544434,0.43709559738636017,-0.7661799192428589
0.3073674440383911,-0.7465987950563431,0.16185462474822998,-0.11168932914733887,-0.2838422656059265,-0.648894190788269,-0.2549264430999756,0.459879532456398,-0.8107602596282959
0.276189923286438,-0.7542791664600372,0.18897521495819092,-0.11326336860656738,-0.2761041522026062,-0.6380528211593628,-0.22532296180725098,0.4752980172634125,-0.8270394802093506
0.2453516721725464,-0.7647161185741425,0.19178617000579834,-0.10407590866088867,-0.2804322838783264,-0.6278811693191528,-0.18529725074768066,0.4814068377017975,-0.819678783416748
0.21688997745513916,-0.7765856683254242,0.17756855487823486,-0.08631742000579834,-0.2975625991821289,-0.6193459033966064,-0.1390770673751831,0.47614607214927673,-0.7969259023666382
0.19025766849517822,-0.7881760150194168,0.15382301807403564,-0.06336784362792969,-0.32799726724624634,-0.6124435663223267,-0.08949518203735352,0.4573017507791519,-0.7662780284881592
0.1637958288192749,-0.7981915026903152,0.126076340675354,-0.03913235664367676,-0.37242335081100464,-0.605749249458313,-0.038797855377197266,0.42289115488529205,-0.7318370342254639
0.13647544384002686,-0.8057808354496956,0.09692728519439697,-0.018193721771240234,-0.4301164150238037,-0.5964821577072144,0.009461164474487305,0.3727874234318733,-0.6934208869934082
0.10901224613189697,-0.8103198483586311,0.06578409671783447,-0.005752086639404297,-0.49692031741142273,-0.5817155838012695,0.049365997314453125,0.31052253395318985,-0.6475111246109009
0.08407032489776611,-0.8111540079116821,0.03065478801727295,-0.006049394607543945,-0.564717561006546,-0.5604926347732544,0.07401061058044434,0.24355944991111755,-0.5911588668823242
0.06555747985839844,-0.8077152892947197,-0.007771968841552734,-0.019567012786865234,-0.6237089335918427,-0.5354632139205933,0.07900583744049072,0.1811293587088585,-0.5277026891708374
0.0573805570602417,-0.8003360480070114,-0.04438579082489014,-0.04180455207824707,-0.6664479076862335,-0.5124830007553101,0.06494522094726562,0.13101114332675934,-0.4681086540222168
0.062380075454711914,-0.7904600352048874,-0.07445359230041504,-0.06570768356323242,-0.6900025308132172,-0.4984588623046875,0.03604257106781006,0.09758050739765167,-0.42401671409606934
0.08175742626190186,-0.7790351361036301,-0.09995067119598389,-0.0854191780090332,-0.6944976150989532,-0.4990485906600952,-0.003046274185180664,0.08166052401065826,-0.3991093635559082
0.11460840702056885,-0.7652312219142914,-0.1281423568725586,-0.09787988662719727,-0.680450052022934,-0.5168553590774536,-0.04835796356201172,0.08190417289733887,-0.3887244462966919
0.1575096845626831,-0.7476362884044647,-0.1625920534133911,-0.10205340385437012,-0.6477779448032379,-0.5499478578567505,-0.09543275833129883,0.09698134660720825,-0.38736724853515625
0.20486271381378174,-0.7271687090396881,-0.19696080684661865,-0.0978783369064331,-0.5972211062908173,-0.5911589860916138,-0.13861072063446045,0.1270706057548523,-0.394209623336792
0.2502495050430298,-0.7087197452783585,-0.2185676097869873,-0.08654069900512695,-0.5332350134849548,-0.6294649839401245,-0.17265987396240234,0.17260773479938507,-0.4109088182449341
0.2881673574447632,-0.6983084231615067,-0.21665894985198975,-0.0715036392211914,-0.46579307317733765,-0.6545662879943848,-0.1955406665802002,0.22963835299015045,-0.4379187822341919
0.3155628442764282,-0.6979050934314728,-0.18683898448944092,-0.057918548583984375,-0.4078012704849243,-0.6626096963882446,-0.2093510627746582,0.2872268259525299,-0.4757821559906006
0.33265960216522217,-0.7034466564655304,-0.1307898759841919,-0.04968714714050293,-0.36867231130599976,-0.6574569940567017,-0.2182164192199707,0.3318973481655121,-0.5266785621643066
0.3423069715499878,-0.7075102180242538,-0.05563163757324219,-0.047055721282958984,-0.34978485107421875,-0.6459983587265015,-0.22523236274719238,0.35484836995601654,-0.5903781652450562
0.3477822542190552,-0.7046236991882324,0.025816917419433594,-0.04714465141296387,-0.34561461210250854,-0.6334420442581177,-0.23079657554626465,0.3561320900917053,-0.6592704057693481
0.3503075838088989,-0.6961180716753006,0.09781110286712646,-0.046529293060302734,-0.34858500957489014,-0.6226266622543335,-0.23270654678344727,0.3446560651063919,-0.7204492092132568
0.3478618860244751,-0.68968565762043,0.1490572690963745,-0.04354596138000488,-0.35388630628585815,-0.614898681640625,-0.22727751731872559,0.3329223543405533,-0.7639673948287964
0.33596622943878174,-0.6929384768009186,0.17791450023651123,-0.038387298583984375,-0.36168819665908813,-0.6099833250045776,-0.21022319793701172,0.3283732831478119,-0.7879092693328857
0.3101307153701782,-0.7079370319843292,0.1895824670791626,-0.031369924545288086,-0.37606382369995117,-0.6057502031326294,-0.17737030982971191,0.3289962112903595,-0.7953441143035889
0.2692927122116089,-0.7310246527194977,0.18916571140289307,-0.021828174591064453,-0.4021114706993103,-0.5990991592407227,-0.12699055671691895,0.3260361850261688,-0.7882763147354126
0.21853721141815186,-0.7557803690433502,0.17801153659820557,-0.008936166763305664,-0.4434240162372589,-0.5871824026107788,-0.06334304809570312,0.30947935581207275,-0.7652053833007812
0.16807353496551514,-0.7765956670045853,0.15544474124908447,0.006639719009399414,-0.500456303358078,-0.5675677061080933,0.002696514129638672,0.2732623666524887,-0.7230238914489746
0.12785375118255615,-0.7907630354166031,0.12247598171234131,0.02178215980529785,-0.5690689384937286,-0.5379670858383179,0.058058738708496094,0.2188170999288559,-0.660454511642456
0.1024085283279419,-0.7979886680841446,0.08401000499725342,0.031409263610839844,-0.6401850283145905,-0.49786245822906494,0.09313106536865234,0.15492664277553558,-0.5818839073181152
0.09056580066680908,-0.7992672324180603,0.04799783229827881,0.030975341796875,-0.7029574364423752,-0.4513653516769409,0.10453987121582031,0.09343279898166656,-0.4993746280670166
0.08889997005462646,-0.7964173555374146,0.021014094352722168,0.019632339477539062,-0.7500415295362473,-0.4068862199783325,0.09486269950866699,0.04349882900714874,-0.42791175842285156
0.09443962574005127,-0.7913009524345398,0.0031337738037109375,0.0006058216094970703,-0.7799265384674072,-0.3729569911956787,0.0702965259552002,0.008497416973114014,-0.3761022090911865
0.10486471652984619,-0.7849887013435364,-0.0126267671585083,-0.021577119827270508,-0.7949780821800232,-0.354705810546875,0.037688493728637695,-0.012866377830505371,-0.3420904874801636
0.11816108226776123,-0.7775895446538925,-0.03540956974029541,-0.04370760917663574,-0.7984210848808289,-0.3532834053039551,0.002261638641357422,-0.023708537220954895,-0.31788527965545654
0.1333833932876587,-0.768120750784874,-0.07104623317718506,-0.06427764892578125,-0.7927641868591309,-0.36692333221435547,-0.03353071212768555,-0.02752043306827545,-0.2958885431289673
0.15142834186553955,-0.7544296681880951,-0.1204150915145874,-0.0822901725769043,-0.7796409577131271,-0.39237773418426514,-0.06958818435668945,-0.028088286519050598,-0.2719740867614746
0.1742340326309204,-0.7337343394756317,-0.18103396892547607,-0.09615874290466309,-0.7601085752248764,-0.426308274269104,-0.1062624454498291,-0.029251232743263245,-0.2452857494354248
0.2029339075088501,-0.7037758976221085,-0.24836111068725586,-0.10369753837585449,-0.7348779886960983,-0.46600449085235596,-0.1425011157989502,-0.03397908806800842,-0.21765482425689697
0.2367337942123413,-0.6648622751235962,-0.3151952028274536,-0.1031569242477417,-0.7045849859714508,-0.5090047121047974,-0.1757603883743286,-0.04259970784187317,-0.19382095336914062
0.2731136083602905,-0.6226337552070618,-0.3714202642440796,-0.09465312957763672,-0.6702251136302948,-0.5523101091384888,-0.20363640785217285,-0.05046835541725159,-0.18090128898620605
0.3084675073623657,-0.5888509750366211,-0.4066329002380371,-0.08128046989440918,-0.6335018575191498,-0.5923367738723755,-0.2256176471710205,-0.04752787947654724,-0.18571531772613525
0.3384298086166382,-0.5770084857940674,-0.4136909246444702,-0.06909894943237305,-0.5967422127723694,-0.6258214712142944,-0.24339842796325684,-0.022610723972320557,-0.2121419906616211
0.358251690864563,-0.5942624807357788,-0.38955891132354736,-0.06513190269470215,-0.5621971487998962,-0.6508312225341797,-0.25925326347351074,0.029188334941864014,-0.2612837553024292
0.36395514011383057,-0.6357991695404053,-0.3348780870437622,-0.07344508171081543,-0.5308511853218079,-0.6669799089431763,-0.2732698917388916,0.10207098722457886,-0.33211326599121094
0.354101300239563,-0.6868724972009659,-0.2559167146682739,-0.09148693084716797,-0.5016749501228333,-0.6749227046966553,-0.28145790100097656,0.18232055008411407,-0.4190174341201782
0.33068907260894775,-0.7319967448711395,-0.16632306575775146,-0.11003053188323975,-0.47258853912353516,-0.675855278968811,-0.2765892744064331,0.2565312087535858,-0.5095436573028564
0.29809248447418213,-0.7636785954236984,-0.08303844928741455,-0.11812388896942139,-0.44263768196105957,-0.6710137128829956,-0.2520860433578491,0.3181639164686203,-0.5879867076873779
0.26120221614837646,-0.7831338495016098,-0.018169760704040527,-0.10998415946960449,-0.41323286294937134,-0.6610651016235352,-0.20705604553222656,0.3670239895582199,-0.6429067850112915
0.22432982921600342,-0.794825553894043,0.025725841522216797,-0.08809590339660645,-0.38782256841659546,-0.6465595960617065,-0.14829540252685547,0.40412598848342896,-0.6722968816757202
0.1905761957168579,-0.8021277785301208,0.053345322608947754,-0.060029029846191406,-0.37124961614608765,-0.629459023475647,-0.08647489547729492,0.42800116539001465,-0.6828157901763916
0.1611119508743286,-0.8068704679608345,0.06997621059417725,-0.03278493881225586,-0.36915236711502075,-0.6132928133010864,-0.029766559600830078,0.4348411038517952,-0.6832804679870605
0.1352442502975464,-0.8103163912892342,0.07650101184844971,-0.009999513626098633,-0.38671451807022095,-0.6008580923080444,0.018886566162109375,0.42072487622499466,-0.677370548248291
0.11183655261993408,-0.813275583088398,0.07045352458953857,0.006958484649658203,-0.4263145625591278,-0.5913575887680054,0.059252262115478516,0.3840840235352516,-0.6618225574493408
0.0909491777420044,-0.8154650926589966,0.050679802894592285,0.01664423942565918,-0.48447445034980774,-0.5800707340240479,0.08982539176940918,0.3281136453151703,-0.630761981010437
0.07424390316009521,-0.8155557513237,0.019319891929626465,0.016935348510742188,-0.5509015619754791,-0.5623388290405273,0.10682177543640137,0.26177719235420227,-0.5816701650619507
0.064017653465271,-0.8120459243655205,-0.020411014556884766,0.0068700313568115234,-0.612921267747879,-0.5383144617080688,0.10698270797729492,0.1962476596236229,-0.517914891242981
0.06182241439819336,-0.8037855476140976,-0.0657724142074585,-0.011981964111328125,-0.662359207868576,-0.5124403238296509,0.09032595157623291,0.138549342751503,-0.44667935371398926
0.06768500804901123,-0.7903444468975067,-0.11290633678436279,-0.03674888610839844,-0.6976563632488251,-0.4891427755355835,0.05969643592834473,0.08981108665466309,-0.3762478828430176
0.08044302463531494,-0.7726610600948334,-0.15648937225341797,-0.0647580623626709,-0.7205373495817184,-0.47102439403533936,0.018929243087768555,0.049246713519096375,-0.31454646587371826
0.09888112545013428,-0.7525413334369659,-0.19358062744140625,-0.09314143657684326,-0.7325806468725204,-0.4601902961730957,-0.027892231941223145,0.01708368957042694,-0.26662111282348633
0.12252771854400635,-0.7307849675416946,-0.22666096687316895,-0.1180872917175293,-0.7345332950353622,-0.45915699005126953,-0.07648468017578125,-0.006625324487686157,-0.23250746726989746
0.15121090412139893,-0.7066425830125809,-0.2607053518295288,-0.13578200340270996,-0.7268437594175339,-0.47005975246429443,-0.12286257743835449,-0.023078173398971558,-0.2093658447265625
0.18399083614349365,-0.679833710193634,-0.2971605062484741,-0.1444486379623413,-0.7094942033290863,-0.4935736656188965,-0.16430914402008057,-0.032537490129470825,-0.19642460346221924
0.21882641315460205,-0.6533302068710327,-0.3311808109283447,-0.14549493789672852,-0.6814537942409515,-0.5284857749938965,-0.20019102096557617,-0.031000584363937378,-0.19731640815734863
0.2530251741409302,-0.6343973278999329,-0.35359203815460205,-0.14299964904785156,-0.6411707699298859,-0.5712918043136597,-0.23189449310302734,-0.009650439023971558,-0.2177112102508545
0.28340065479278564,-0.6321499943733215,-0.354259729385376,-0.14204025268554688,-0.5885622501373291,-0.615660548210144,-0.2613105773925781,0.04071074724197388,-0.26141226291656494
0.30622684955596924,-0.6515544056892395,-0.32493865489959717,-0.14626753330230713,-0.5270458459854126,-0.6534062623977661,-0.288364052772522,0.12163156270980835,-0.3284790515899658
0.3183485269546509,-0.6873912960290909,-0.2629467248916626,-0.15535545349121094,-0.46312665939331055,-0.6778355836868286,-0.3095736503601074,0.22138763964176178,-0.4149003028869629
0.3191186189651489,-0.7254884541034698,-0.17575204372406006,-0.16439199447631836,-0.40309077501296997,-0.6869419813156128,-0.3193802833557129,0.3195206820964813,-0.5112013816833496
0.3106578588485718,-0.7530826181173325,-0.08091330528259277,-0.1668299436569214,-0.3497809171676636,-0.6831544637680054,-0.31335747241973877,0.40042470395565033,-0.6022526025772095
0.2958153486251831,-0.7675001621246338,0.00222015380859375,-0.15895235538482666,-0.3026500344276428,-0.6701372861862183,-0.29063737392425537,0.4619731307029724,-0.6723688840866089
